0,1
1,3
2,3
3,4
4,4
5,1
6,2
7,4
8,2
9,1
10,1
11,1
12,3
13,3
14,4
15,4
16,3
17,3
18,2
19,1
20,1
21,2
22,1
23,3
24,3
25,2
26,2
27,2
28,1
29,3
30,3
31,1
32,2
33,3
34,2
35,2
36,2
37,1
38,3
39,2
40,2
41,3
42,3
43,4
44,2
45,1
46,4
47,3
48,1
49,3
50,1
51,2
52,2
53,2
54,4
55,1
56,4
57,2
58,2
59,3
60,4
61,3
62,3
63,2
64,1
65,1
66,2
67,4
68,2
69,4
70,1
71,3
72,2
73,1
74,3
75,4
76,2
77,1
78,3
79,4
80,3
81,3
82,2
83,1
84,3
85,2
86,1
87,4
88,2
89,1
90,1
91,2
92,4
93,3
94,4
95,3
96,2
97,1
98,2
99,4
100,1
101,1
102,2
103,3
104,4
105,1
106,4
107,4
108,4
109,1
110,3
111,2
112,1
113,2
114,3
115,2
116,2
117,2
118,4
119,3
120,1
121,3
122,1
123,1
124,1
125,1
126,4
127,4
128,1
129,1
130,1
131,4
132,4
133,1
134,4
135,3
136,2
137,3
138,2
139,3
140,3
141,2
142,2
143,3
144,1
145,2
146,4
147,1
148,2
149,2
150,4
151,2
152,3
153,3
154,3
155,4
156,2
157,4
158,2
159,1
160,4
161,1
162,2
163,3
164,1
165,3
166,3
167,4
168,1
169,2
170,4
171,1
172,2
173,4
174,1
175,1
176,2
177,1
178,2
179,2
180,1
181,3
182,1
183,1
184,3
185,3
186,1
187,2
188,1
189,1
190,2
191,2
192,3
193,3
194,2
195,1
196,2
197,1
198,4
199,4
200,4
201,2
202,1
203,3
204,1
205,3
206,4
207,4
208,3
209,4
210,1
211,4
212,1
213,4
214,1
215,3
216,2
217,3
218,3
219,4
220,1
221,1
222,1
223,3
224,3
225,3
226,1
227,3
228,1
229,1
230,2
231,2
232,3
233,1
234,1
235,1
236,1
237,3
238,4
239,1
240,2
241,2
242,3
243,4
244,2
245,2
246,1
247,2
248,3
249,1
250,3
251,1
252,2
253,2
254,3
255,1
256,3
257,4
258,2
259,1
260,2
261,3
262,3
263,2
264,3
265,1
266,2
267,4
268,2
269,4
270,3
271,2
272,1
273,2
274,2
275,1
276,4
277,4
278,1
279,2
280,1
281,4
282,3
283,1
284,1
285,3
286,1
287,3
288,2
289,2
290,3
291,3
292,1
293,3
294,1
295,1
296,2
297,3
298,4
299,4
300,3
301,3
302,4
303,1
304,4
305,3
306,2
307,3
308,4
309,1
310,4
311,1
312,4
313,2
314,1
315,4
316,3
317,3
318,1
319,2
320,1
321,4
322,3
323,1
324,2
325,1
326,1
327,2
328,4
329,2
330,2
331,4
332,2
333,3
334,4
335,1
336,4
337,3
338,4
339,1
340,4
341,3
342,4
343,2
344,4
345,3
346,4
347,2
348,3
349,2
350,4
351,1
352,4
353,4
354,4
355,3
356,1
357,2
358,2
359,4
360,3
361,1
362,2
363,4
364,2
365,3
366,4
367,3
368,3
369,1
370,1
371,3
372,3
373,2
374,1
375,2
376,2
377,2
378,3
379,4
380,4
381,2
382,2
383,4
384,2
385,4
386,3
387,1
388,1
389,2
390,2
391,1
392,3
393,1
394,4
395,3
396,1
397,2
398,2
399,4
400,3
401,1
402,2
403,2
404,1
405,3
406,4
407,1
408,3
409,3
410,2
411,2
412,2
413,1
414,2
415,3
416,3
417,3
418,4
419,2
420,2
421,4
422,1
423,2
424,4
425,1
426,2
427,4
428,1
429,1
430,1
431,2
432,2
433,4
434,2
435,4
436,2
437,3
438,1
439,2
440,3
441,1
442,4
443,4
444,4
445,3
446,3
447,3
448,1
449,1
450,2
451,2
452,2
453,1
454,3
455,2
456,1
457,4
458,3
459,2
460,1
461,4
462,1
463,2
464,4
465,1
466,2
467,2
468,1
469,2
470,1
471,1
472,2
473,3
474,4
475,1
476,4
477,1
478,3
479,4
480,2
481,3
482,3
483,3
484,1
485,3
486,3
487,3
488,1
489,4
490,3
491,4
492,2
493,2
494,4
495,3
496,4
497,2
498,3
499,3
500,4
501,4
502,2
503,1
504,4
505,1
506,4
507,4
508,2
509,2
510,1
511,2
512,3
513,4
514,1
515,3
516,4
517,4
518,2
519,2
520,1
521,2
522,1
523,2
524,3
525,1
526,1
527,3
528,4
529,1
530,1
531,2
532,1
533,1
534,3
535,2
536,1
537,3
538,2
539,4
540,4
541,4
542,3
543,2
544,3
545,3
546,2
547,1
548,2
549,3
550,1
551,2
552,1
553,1
554,2
555,2
556,2
557,2
558,2
559,2
560,1
561,4
562,4
563,2
564,2
565,3
566,4
567,2
568,1
569,3
570,1
571,3
572,3
573,4
574,4
575,1
576,3
577,2
578,1
579,1
580,2
581,1
582,2
583,2
584,1
585,1
586,2
587,2
588,1
589,4
590,2
591,3
592,2
593,3
594,2
595,1
596,3
597,4
598,3
599,2
600,4
601,1
602,4
603,2
604,1
605,1
606,3
607,2
608,2
609,4
610,2
611,2
612,1
613,1
614,2
615,2
616,2
617,4
618,4
619,3
620,4
621,3
622,2
623,3
624,4
625,2
626,1
627,3
628,1
629,4
630,4
631,4
632,1
633,4
634,1
635,3
636,2
637,4
638,1
639,4
640,3
641,3
642,1
643,1
644,1
645,4
646,3
647,3
648,2
649,3
650,1
651,3
652,1
653,4
654,1
655,1
656,3
657,4
658,4
659,1
660,2
661,1
662,3
663,1
664,1
665,2
666,3
667,2
668,3
669,1
670,4
671,2
672,2
673,3
674,1
675,4
676,3
677,4
678,1
679,3
680,3
681,3
682,4
683,4
684,4
685,4
686,1
687,2
688,2
689,4
690,3
691,3
692,1
693,1
694,2
695,2
696,3
697,3
698,3
699,2
700,4
701,3
702,4
703,3
704,3
705,3
706,1
707,4
708,3
709,1
710,4
711,3
712,1
713,2
714,3
715,4
716,2
717,2
718,2
719,2
720,4
721,2
722,4
723,2
724,3
725,3
726,4
727,2
728,1
729,2
730,2
731,1
732,2
733,3
734,1
735,4
736,3
737,4
738,1
739,3
740,4
741,4
742,3
743,2
744,4
745,3
746,3
747,2
748,1
749,4
750,2
751,3
752,1
753,2
754,3
755,3
756,1
757,3
758,1
759,2
760,4
761,4
762,2
763,1
764,4
765,1
766,4
767,3
768,3
769,2
770,3
771,3
772,2
773,4
774,1
775,1
776,3
777,1
778,3
779,2
780,3
781,4
782,1
783,4
784,3
785,4
786,4
787,1
788,3
789,4
790,1
791,2
792,4
793,2
794,2
795,3
796,2
797,2
798,2
799,3
800,2
801,3
802,1
803,4
804,4
805,3
806,3
807,1
808,2
809,4
810,3
811,4
812,4
813,2
814,4
815,1
816,3
817,3
818,2
819,4
820,1
821,3
822,1
823,4
824,4
825,2
826,4
827,4
828,1
829,2
830,2
831,1
832,1
833,3
834,2
835,2
836,3
837,3
838,3
839,4
840,3
841,4
842,2
843,3
844,4
845,3
846,1
847,2
848,3
849,2
850,3
851,4
852,3
853,2
854,1
855,1
856,4
857,1
858,2
859,3
860,3
861,2
862,4
863,2
864,3
865,3
866,4
867,2
868,4
869,3
870,4
871,1
872,4
873,4
874,3
875,4
876,3
877,3
878,2
879,1
880,3
881,1
882,2
883,3
884,2
885,2
886,1
887,2
888,2
889,1
890,3
891,4
892,3
893,1
894,4
895,3
896,1
897,2
898,1
899,3
900,4
901,2
902,3
903,3
904,1
905,3
906,2
907,3
908,2
909,4
910,4
911,4
912,2
913,1
914,1
915,4
916,2
917,3
918,3
919,2
920,1
921,3
922,1
923,3
924,1
925,1
926,2
927,2
928,3
929,4
930,2
931,2
932,1
933,4
934,2
935,4
936,3
937,3
938,4
939,4
940,1
941,1
942,4
943,4
944,4
945,3
946,2
947,2
948,2
949,1
950,1
951,1
952,4
953,3
954,3
955,3
956,4
957,3
958,4
959,3
960,3
961,3
962,4
963,2
964,2
965,1
966,4
967,4
968,2
969,2
970,4
971,4
972,4
973,3
974,3
975,4
976,1
977,1
978,3
979,4
980,2
981,1
982,3
983,4
984,3
985,3
986,1
987,2
988,3
989,3
990,4
991,1
992,1
993,1
994,4
995,3
996,2
997,4
998,4
999,1
1000,4
1001,2
1002,3
1003,4
1004,4
1005,3
1006,3
1007,4
1008,2
1009,4
1010,1
1011,1
1012,4
1013,3
1014,2
1015,4
1016,3
1017,3
1018,3
1019,2
1020,4
1021,4
1022,1
1023,1
1024,1
1025,4
1026,4
1027,3
1028,1
1029,3
1030,3
1031,2
1032,1
1033,4
1034,1
1035,1
1036,2
1037,1
1038,4
1039,1
1040,2
1041,4
1042,1
1043,3
1044,2
1045,1
1046,2
1047,3
1048,2
1049,4
1050,3
1051,3
1052,1
1053,4
1054,4
1055,2
1056,1
1057,1
1058,2
1059,3
1060,2
1061,3
1062,3
1063,2
1064,3
1065,3
1066,2
1067,4
1068,2
1069,1
1070,2
1071,1
1072,2
1073,4
1074,2
1075,4
1076,3
1077,1
1078,2
1079,2
1080,1
1081,1
1082,3
1083,4
1084,4
1085,3
1086,1
1087,4
1088,3
1089,1
1090,1
1091,3
1092,2
1093,3
1094,1
1095,1
1096,3
1097,4
1098,4
1099,1
1100,1
1101,1
1102,3
1103,4
1104,3
1105,4
1106,3
1107,4
1108,1
1109,1
1110,2
1111,4
1112,2
1113,3
1114,1
1115,2
1116,2
1117,3
1118,1
1119,2
1120,4
1121,3
1122,1
1123,4
1124,1
1125,2
1126,3
1127,2
1128,4
1129,2
1130,3
1131,4
1132,4
1133,2
1134,3
1135,3
1136,3
1137,3
1138,2
1139,3
1140,2
1141,2
1142,2
1143,2
1144,4
1145,1
1146,1
1147,1
1148,3
1149,2
1150,3
1151,4
1152,3
1153,2
1154,1
1155,3
1156,2
1157,2
1158,4
1159,1
1160,1
1161,2
1162,4
1163,4
1164,4
1165,1
1166,1
1167,2
1168,4
1169,3
1170,2
1171,1
1172,4
1173,3
1174,2
1175,4
1176,3
1177,2
1178,4
1179,2
1180,4
1181,2
1182,3
1183,4
1184,4
1185,2
1186,4
1187,3
1188,1
1189,4
1190,1
1191,2
1192,1
1193,3
1194,4
1195,4
1196,3
1197,3
1198,2
1199,2
1200,3
1201,3
1202,1
1203,4
1204,3
1205,4
1206,4
1207,4
1208,1
1209,1
1210,3
1211,3
1212,2
1213,2
1214,2
1215,3
1216,4
1217,1
1218,2
1219,1
1220,2
1221,4
1222,1
1223,1
1224,2
1225,2
1226,1
1227,3
1228,3
1229,4
1230,1
1231,4
1232,4
1233,4
1234,1
1235,2
1236,4
1237,4
1238,1
1239,2
1240,3
1241,4
1242,4
1243,2
1244,4
1245,4
1246,3
1247,4
1248,1
1249,2
1250,3
1251,3
1252,2
1253,3
1254,2
1255,3
1256,3
1257,2
1258,3
1259,2
1260,2
1261,4
1262,3
1263,4
1264,1
1265,4
1266,4
1267,3
1268,1
1269,3
1270,3
1271,1
1272,4
1273,1
1274,1
1275,2
1276,1
1277,4
1278,3
1279,3
1280,1
1281,1
1282,2
1283,1
1284,2
1285,3
1286,4
1287,2
1288,1
1289,2
1290,1
1291,3
1292,4
1293,3
1294,4
1295,3
1296,2
1297,2
1298,3
1299,1
1300,3
1301,2
1302,4
1303,2
1304,1
1305,4
1306,4
1307,4
1308,3
1309,1
1310,4
1311,3
1312,1
1313,2
1314,1
1315,1
1316,2
1317,2
1318,4
1319,3
1320,3
1321,3
1322,2
1323,1
1324,2
1325,2
1326,3
1327,1
1328,1
1329,4
1330,3
1331,2
1332,4
1333,3
1334,3
1335,1
1336,2
1337,3
1338,3
1339,1
1340,4
1341,3
1342,3
1343,3
1344,4
1345,1
1346,4
1347,4
1348,2
1349,3
1350,3
1351,1
1352,2
1353,1
1354,4
1355,1
1356,3
1357,2
1358,2
1359,2
1360,4
1361,4
1362,4
1363,1
1364,1
1365,1
1366,3
1367,2
1368,4
1369,2
1370,3
1371,2
1372,1
1373,3
1374,3
1375,2
1376,4
1377,3
1378,1
1379,3
1380,3
1381,3
1382,4
1383,3
1384,4
1385,4
1386,4
1387,1
1388,2
1389,4
1390,1
1391,3
1392,3
1393,1
1394,2
1395,4
1396,4
1397,2
1398,4
1399,2
1400,1
1401,4
1402,1
1403,4
1404,4
1405,2
1406,2
1407,3
1408,1
1409,2
1410,3
1411,1
1412,3
1413,4
1414,3
1415,4
1416,3
1417,3
1418,3
1419,2
1420,4
1421,2
1422,4
1423,3
1424,4
1425,1
1426,4
1427,4
1428,1
1429,2
1430,4
1431,3
1432,2
1433,3
1434,2
1435,3
1436,2
1437,2
1438,1
1439,1
1440,1
1441,4
1442,4
1443,1
1444,1
1445,3
1446,1
1447,3
1448,4
1449,3
1450,4
1451,3
1452,1
1453,4
1454,4
1455,1
1456,3
1457,1
1458,3
1459,2
1460,1
1461,1
1462,2
1463,4
1464,4
1465,4
1466,4
1467,4
1468,3
1469,2
1470,4
1471,4
1472,4
1473,1
1474,3
1475,3
1476,3
1477,4
1478,2
1479,3
1480,1
1481,3
1482,1
1483,2
1484,4
1485,4
1486,4
1487,2
1488,3
1489,2
1490,3
1491,2
1492,2
1493,3
1494,1
1495,3
1496,3
1497,2
1498,4
1499,4
1500,4
1501,1
1502,4
1503,1
1504,4
1505,3
1506,2
1507,3
1508,4
1509,3
1510,4
1511,4
1512,3
1513,2
1514,3
1515,4
1516,4
1517,4
1518,2
1519,1
1520,4
1521,2
1522,4
1523,1
1524,1
1525,3
1526,4
1527,3
1528,1
1529,2
1530,2
1531,3
1532,4
1533,4
1534,2
1535,1
1536,1
1537,3
1538,3
1539,4
1540,2
1541,3
1542,2
1543,4
1544,1
1545,3
1546,4
1547,3
1548,2
1549,4
1550,1
1551,4
1552,4
1553,1
1554,1
1555,4
1556,4
1557,1
1558,4
1559,1
1560,2
1561,2
1562,1
1563,3
1564,1
1565,3
1566,1
1567,1
1568,2
1569,4
1570,2
1571,3
1572,2
1573,2
1574,3
1575,1
1576,4
1577,1
1578,3
1579,4
1580,3
1581,2
1582,3
1583,4
1584,3
1585,2
1586,2
1587,4
1588,3
1589,3
1590,4
1591,1
1592,1
1593,2
1594,4
1595,3
1596,1
1597,3
1598,3
1599,1
1600,2
1601,2
1602,4
1603,4
1604,2
1605,4
1606,2
1607,2
1608,2
1609,3
1610,2
1611,2
1612,3
1613,2
1614,4
1615,4
1616,2
1617,4
1618,3
1619,3
1620,4
1621,2
1622,2
1623,1
1624,3
1625,1
1626,1
1627,3
1628,1
1629,2
1630,4
1631,2
1632,3
1633,4
1634,3
1635,3
1636,2
1637,4
1638,1
1639,4
1640,3
1641,2
1642,1
1643,3
1644,3
1645,4
1646,2
1647,4
1648,3
1649,1
1650,2
1651,1
1652,4
1653,2
1654,1
1655,3
1656,2
1657,3
1658,4
1659,1
1660,3
1661,3
1662,3
1663,3
1664,2
1665,4
1666,1
1667,1
1668,3
1669,1
1670,2
1671,4
1672,4
1673,4
1674,1
1675,3
1676,2
1677,3
1678,4
1679,4
1680,2
1681,2
1682,1
1683,1
1684,4
1685,1
1686,4
1687,1
1688,3
1689,4
1690,2
1691,4
1692,3
1693,4
1694,1
1695,4
1696,1
1697,2
1698,4
1699,4
1700,4
1701,1
1702,4
1703,3
1704,2
1705,2
1706,1
1707,1
1708,1
1709,4
1710,2
1711,1
1712,2
1713,1
1714,1
1715,2
1716,4
1717,1
1718,2
1719,1
1720,2
1721,3
1722,4
1723,4
1724,4
1725,4
1726,3
1727,3
1728,2
1729,4
1730,3
1731,2
1732,1
1733,4
1734,4
1735,1
1736,3
1737,3
1738,2
1739,1
1740,1
1741,2
1742,4
1743,2
1744,1
1745,3
1746,4
1747,1
1748,2
1749,3
1750,1
1751,2
1752,4
1753,2
1754,4
1755,4
1756,4
1757,3
1758,2
1759,1
1760,3
1761,4
1762,1
1763,2
1764,4
1765,1
1766,1
1767,3
1768,4
1769,2
1770,2
1771,3
1772,1
1773,1
1774,1
1775,2
1776,4
1777,4
1778,3
1779,4
1780,3
1781,1
1782,2
1783,1
1784,4
1785,2
1786,2
1787,1
1788,1
1789,3
1790,3
1791,4
1792,4
1793,2
1794,4
1795,1
1796,1
1797,4
1798,1
1799,3
1800,3
1801,4
1802,3
1803,3
1804,1
1805,3
1806,2
1807,4
1808,2
1809,2
1810,2
1811,2
1812,1
1813,3
1814,2
1815,2
1816,2
1817,2
1818,3
1819,1
1820,4
1821,4
1822,1
1823,2
1824,4
1825,1
1826,4
1827,2
1828,3
1829,2
1830,3
1831,2
1832,3
1833,2
1834,4
1835,2
1836,4
1837,2
1838,2
1839,3
1840,4
1841,3
1842,3
1843,1
1844,1
1845,2
1846,4
1847,1
1848,1
1849,1
1850,4
1851,2
1852,2
1853,1
1854,2
1855,4
1856,1
1857,4
1858,4
1859,4
1860,3
1861,3
1862,4
1863,1
1864,3
1865,4
1866,4
1867,1
1868,3
1869,1
1870,2
1871,3
1872,2
1873,4
1874,1
1875,4
1876,2
1877,4
1878,4
1879,2
1880,4
1881,4
1882,2
1883,4
1884,2
1885,4
1886,3
1887,1
1888,3
1889,1
1890,1
1891,3
1892,2
1893,2
1894,4
1895,1
1896,1
1897,2
1898,2
1899,3
1900,2
1901,1
1902,4
1903,3
1904,1
1905,2
1906,3
1907,1
1908,2
1909,1
1910,3
1911,4
1912,3
1913,2
1914,1
1915,1
1916,2
1917,3
1918,3
1919,4
1920,3
1921,3
1922,2
1923,1
1924,1
1925,2
1926,1
1927,1
1928,3
1929,4
1930,3
1931,3
1932,3
1933,1
1934,1
1935,4
1936,4
1937,2
1938,4
1939,4
1940,4
1941,1
1942,1
1943,2
1944,4
1945,1
1946,2
1947,3
1948,4
1949,4
1950,2
1951,3
1952,1
1953,3
1954,4
1955,3
1956,4
1957,3
1958,3
1959,2
1960,4
1961,2
1962,2
1963,3
1964,3
1965,3
1966,1
1967,2
1968,2
1969,3
1970,1
1971,2
1972,3
1973,1
1974,3
1975,4
1976,2
1977,3
1978,1
1979,3
1980,1
1981,2
1982,4
1983,1
1984,2
1985,2
1986,2
1987,3
1988,4
1989,3
1990,2
1991,4
1992,2
1993,1
1994,1
1995,1
1996,2
1997,2
1998,4
1999,1
2000,3
2001,2
2002,2
2003,1
2004,2
2005,1
2006,1
2007,4
2008,2
2009,3
2010,1
2011,1
2012,2
2013,4
2014,2
2015,3
2016,1
2017,2
2018,3
2019,1
2020,4
2021,3
2022,3
2023,1
2024,1
2025,3
2026,4
2027,3
2028,2
2029,3
2030,4
2031,4
2032,4
2033,3
2034,2
2035,4
2036,1
2037,1
2038,1
2039,2
2040,2
2041,1
2042,2
2043,3
2044,4
2045,1
2046,4
2047,2
2048,2
2049,4
2050,3
2051,4
2052,2
2053,4
2054,1
2055,3
2056,1
2057,2
2058,4
2059,2
2060,3
2061,1
2062,4
2063,1
2064,4
2065,1
2066,1
2067,3
2068,3
2069,3
2070,2
2071,3
2072,1
2073,3
2074,3
2075,4
2076,1
2077,2
2078,1
2079,3
2080,2
2081,3
2082,2
2083,2
2084,2
2085,1
2086,1
2087,3
2088,1
2089,2
2090,2
2091,4
2092,1
2093,2
2094,1
2095,3
2096,4
2097,4
2098,4
2099,3
2100,4
2101,2
2102,3
2103,2
2104,4
2105,1
2106,1
2107,4
2108,4
2109,2
2110,3
2111,1
2112,3
2113,1
2114,4
2115,3
2116,4
2117,1
2118,3
2119,3
2120,2
2121,3
2122,3
2123,1
2124,1
2125,2
2126,4
2127,1
2128,4
2129,3
2130,2
2131,3
2132,2
2133,3
2134,4
2135,3
2136,4
2137,3
2138,2
2139,1
2140,4
2141,2
2142,3
2143,4
2144,4
2145,1
2146,4
2147,4
2148,3
2149,3
2150,1
2151,2
2152,3
2153,3
2154,4
2155,3
2156,3
2157,4
2158,1
2159,1
2160,3
2161,2
2162,1
2163,1
2164,3
2165,3
2166,3
2167,3
2168,3
2169,1
2170,4
2171,2
2172,2
2173,1
2174,4
2175,1
2176,3
2177,1
2178,4
2179,4
2180,4
2181,4
2182,1
2183,1
2184,3
2185,3
2186,1
2187,2
2188,1
2189,3
2190,3
2191,1
2192,3
2193,3
2194,1
2195,2
2196,1
2197,2
2198,2
2199,1
2200,3
2201,1
2202,2
2203,1
2204,2
2205,1
2206,1
2207,1
2208,2
2209,1
2210,3
2211,2
2212,2
2213,3
2214,1
2215,2
2216,3
2217,3
2218,3
2219,1
2220,3
2221,1
2222,1
2223,2
2224,4
2225,3
2226,2
2227,2
2228,1
2229,4
2230,4
2231,2
2232,4
2233,1
2234,2
2235,1
2236,2
2237,3
2238,1
2239,1
2240,4
2241,2
2242,3
2243,2
2244,4
2245,2
2246,2
2247,4
2248,3
2249,4
2250,3
2251,1
2252,4
2253,4
2254,1
2255,1
2256,3
2257,3
2258,1
2259,1
2260,3
2261,3
2262,3
2263,3
2264,4
2265,1
2266,3
2267,4
2268,3
2269,2
2270,3
2271,2
2272,3
2273,4
2274,3
2275,4
2276,1
2277,1
2278,4
2279,4
2280,1
2281,3
2282,2
2283,3
2284,4
2285,1
2286,1
2287,4
2288,2
2289,1
2290,1
2291,2
2292,4
2293,2
2294,4
2295,4
2296,4
2297,3
2298,2
2299,4
2300,3
2301,2
2302,3
2303,4
2304,1
2305,3
2306,4
2307,3
2308,3
2309,3
2310,2
2311,2
2312,1
2313,4
2314,4
2315,1
2316,2
2317,4
2318,2
2319,2
2320,4
2321,1
2322,1
2323,3
2324,1
2325,1
2326,1
2327,1
2328,3
2329,2
2330,4
2331,4
2332,2
2333,3
2334,1
2335,1
2336,2
2337,4
2338,1
2339,1
2340,2
2341,4
2342,4
2343,4
2344,4
2345,1
2346,1
2347,4
2348,3
2349,3
2350,1
2351,1
2352,4
2353,1
2354,1
2355,1
2356,4
2357,4
2358,3
2359,2
2360,3
2361,1
2362,4
2363,1
2364,4
2365,1
2366,2
2367,1
2368,1
2369,1
2370,4
2371,3
2372,1
2373,2
2374,4
2375,1
2376,4
2377,3
2378,1
2379,4
2380,4
2381,2
2382,2
2383,4
2384,4
2385,1
2386,1
2387,4
2388,1
2389,3
2390,1
2391,4
2392,3
2393,3
2394,4
2395,4
2396,2
2397,4
2398,4
2399,1
2400,3
2401,3
2402,4
2403,3
2404,3
2405,3
2406,1
2407,3
2408,2
2409,4
2410,4
2411,4
2412,4
2413,3
2414,2
2415,4
2416,3
2417,2
2418,2
2419,3
2420,3
2421,1
2422,1
2423,2
2424,3
2425,2
2426,2
2427,2
2428,3
2429,3
2430,2
2431,2
2432,2
2433,3
2434,4
2435,3
2436,3
2437,4
2438,1
2439,2
2440,3
2441,4
2442,2
2443,2
2444,1
2445,2
2446,2
2447,4
2448,2
2449,1
2450,1
2451,2
2452,3
2453,1
2454,4
2455,1
2456,3
2457,2
2458,4
2459,3
2460,4
2461,1
2462,3
2463,2
2464,1
2465,1
2466,2
2467,1
2468,4
2469,2
2470,3
2471,4
2472,2
2473,2
2474,4
2475,4
2476,1
2477,1
2478,2
2479,2
2480,4
2481,4
2482,2
2483,2
2484,4
2485,4
2486,2
2487,4
2488,3
2489,1
2490,4
2491,2
2492,1
2493,2
2494,4
2495,4
2496,2
2497,1
2498,2
2499,1
2500,4
2501,4
2502,4
2503,2
2504,1
2505,1
2506,2
2507,3
2508,4
2509,1
2510,1
2511,2
2512,3
2513,2
2514,4
2515,3
2516,2
2517,3
2518,3
2519,4
2520,1
2521,1
2522,2
2523,1
2524,2
2525,4
2526,4
2527,1
2528,1
2529,1
2530,1
2531,4
2532,4
2533,4
2534,1
2535,4
2536,2
2537,1
2538,2
2539,1
2540,2
2541,2
2542,3
2543,1
2544,4
2545,1
2546,4
2547,4
2548,1
2549,1
2550,3
2551,3
2552,3
2553,3
2554,3
2555,4
2556,2
2557,1
2558,2
2559,4
2560,4
2561,1
2562,2
2563,3
2564,1
2565,3
2566,2
2567,3
2568,4
2569,2
2570,4
2571,1
2572,1
2573,3
2574,4
2575,4
2576,4
2577,2
2578,2
2579,4
2580,4
2581,3
2582,3
2583,1
2584,1
2585,1
2586,2
2587,4
2588,1
2589,3
2590,2
2591,2
2592,2
2593,1
2594,4
2595,3
2596,1
2597,3
2598,2
2599,1
2600,2
2601,3
2602,3
2603,1
2604,1
2605,2
2606,4
2607,3
2608,1
2609,4
2610,3
2611,2
2612,2
2613,3
2614,2
2615,4
2616,2
2617,1
2618,1
2619,1
2620,4
2621,4
2622,3
2623,2
2624,3
2625,2
2626,4
2627,1
2628,1
2629,3
2630,1
2631,1
2632,4
2633,2
2634,2
2635,1
2636,2
2637,1
2638,1
2639,3
2640,2
2641,3
2642,4
2643,2
2644,2
2645,4
2646,4
2647,3
2648,2
2649,4
2650,1
2651,1
2652,4
2653,4
2654,3
2655,2
2656,1
2657,1
2658,2
2659,4
2660,3
2661,3
2662,2
2663,1
2664,2
2665,4
2666,3
2667,1
2668,3
2669,1
2670,1
2671,1
2672,2
2673,1
2674,2
2675,3
2676,2
2677,4
2678,1
2679,1
2680,4
2681,4
2682,2
2683,3
2684,2
2685,2
2686,4
2687,1
2688,2
2689,3
2690,3
2691,3
2692,4
2693,1
2694,1
2695,3
2696,1
2697,2
2698,4
2699,4
2700,1
2701,4
2702,3
2703,3
2704,3
2705,2
2706,3
2707,2
2708,1
2709,2
2710,2
2711,4
2712,1
2713,3
2714,4
2715,1
2716,1
2717,4
2718,2
2719,1
2720,3
2721,1
2722,3
2723,2
2724,2
2725,3
2726,3
2727,4
2728,2
2729,2
2730,4
2731,3
2732,3
2733,1
2734,2
2735,3
2736,3
2737,2
2738,3
2739,1
2740,3
2741,2
2742,1
2743,3
2744,3
2745,2
2746,4
2747,1
2748,1
2749,4
2750,4
2751,4
2752,4
2753,2
2754,1
2755,1
2756,1
2757,1
2758,3
2759,3
2760,1
2761,4
2762,2
2763,3
2764,3
2765,3
2766,2
2767,1
2768,2
2769,3
2770,4
2771,4
2772,2
2773,2
2774,3
2775,1
2776,4
2777,2
2778,4
2779,1
2780,3
2781,3
2782,2
2783,1
2784,2
2785,3
2786,2
2787,3
2788,4
2789,4
2790,4
2791,1
2792,3
2793,2
2794,2
2795,4
2796,3
2797,4
2798,3
2799,3
2800,2
2801,4
2802,4
2803,1
2804,4
2805,2
2806,4
2807,2
2808,4
2809,3
2810,4
2811,4
2812,4
2813,4
2814,2
2815,2
2816,1
2817,2
2818,2
2819,3
2820,4
2821,4
2822,1
2823,2
2824,3
2825,3
2826,4
2827,2
2828,4
2829,1
2830,1
2831,1
2832,3
2833,3
2834,4
2835,4
2836,4
2837,1
2838,4
2839,2
2840,3
2841,3
2842,1
2843,2
2844,3
2845,1
2846,4
2847,2
2848,3
2849,1
2850,3
2851,1
2852,4
2853,4
2854,3
2855,4
2856,3
2857,2
2858,4
2859,4
2860,4
2861,1
2862,1
2863,3
2864,1
2865,4
2866,1
2867,1
2868,1
2869,3
2870,3
2871,4
2872,4
2873,3
2874,2
2875,2
2876,4
2877,2
2878,3
2879,2
2880,1
2881,4
2882,2
2883,3
2884,4
2885,3
2886,4
2887,1
2888,3
2889,3
2890,3
2891,1
2892,1
2893,1
2894,3
2895,1
2896,4
2897,2
2898,1
2899,3
2900,1
2901,3
2902,1
2903,3
2904,4
2905,2
2906,2
2907,4
2908,2
2909,2
2910,1
2911,1
2912,3
2913,3
2914,1
2915,4
2916,1
2917,4
2918,2
2919,3
2920,1
2921,3
2922,2
2923,3
2924,4
2925,1
2926,1
2927,4
2928,1
2929,2
2930,2
2931,4
2932,2
2933,2
2934,3
2935,2
2936,1
2937,1
2938,1
2939,1
2940,3
2941,1
2942,1
2943,3
2944,2
2945,1
2946,3
2947,1
2948,4
2949,2
2950,1
2951,1
2952,3
2953,4
2954,1
2955,3
2956,2
2957,3
2958,4
2959,2
2960,3
2961,4
2962,1
2963,2
2964,4
2965,4
2966,3
2967,1
2968,2
2969,1
2970,3
2971,2
2972,2
2973,3
2974,2
2975,2
2976,4
2977,4
2978,3
2979,4
2980,4
2981,2
2982,2
2983,1
2984,4
2985,3
2986,4
2987,1
2988,1
2989,4
2990,2
2991,1
2992,1
2993,3
2994,2
2995,2
2996,1
2997,4
2998,1
2999,3
3000,1
3001,1
3002,1
3003,3
3004,3
3005,4
3006,3
3007,4
3008,4
3009,1
3010,1
3011,3
3012,1
3013,4
3014,1
3015,3
3016,1
3017,4
3018,2
3019,3
3020,3
3021,2
3022,4
3023,3
3024,4
3025,2
3026,1
3027,4
3028,1
3029,2
3030,3
3031,2
3032,1
3033,2
3034,4
3035,2
3036,3
3037,4
3038,4
3039,4
3040,3
3041,3
3042,2
3043,4
3044,1
3045,1
3046,1
3047,2
3048,4
3049,1
3050,1
3051,1
3052,4
3053,2
3054,2
3055,2
3056,3
3057,3
3058,4
3059,1
3060,2
3061,4
3062,3
3063,4
3064,3
3065,2
3066,4
3067,3
3068,4
3069,2
3070,2
3071,4
3072,3
3073,3
3074,1
3075,4
3076,2
3077,4
3078,1
3079,3
3080,2
3081,2
3082,2
3083,2
3084,2
3085,3
3086,1
3087,4
3088,1
3089,3
3090,2
3091,1
3092,3
3093,2
3094,2
3095,3
3096,3
3097,4
3098,1
3099,2
3100,2
3101,4
3102,1
3103,3
3104,2
3105,2
3106,3
3107,3
3108,1
3109,1
3110,3
3111,1
3112,2
3113,4
3114,4
3115,4
3116,4
3117,3
3118,3
3119,1
3120,2
3121,2
3122,2
3123,4
3124,4
3125,3
3126,4
3127,1
3128,4
3129,3
3130,1
3131,1
3132,2
3133,2
3134,4
3135,2
3136,3
3137,1
3138,4
3139,2
3140,4
3141,2
3142,2
3143,1
3144,4
3145,3
3146,2
3147,2
3148,4
3149,3
3150,3
3151,2
3152,2
3153,4
3154,3
3155,3
3156,2
3157,3
3158,2
3159,1
3160,4
3161,4
3162,2
3163,1
3164,1
3165,4
3166,2
3167,2
3168,3
3169,1
3170,2
3171,4
3172,1
3173,3
3174,3
3175,1
3176,4
3177,2
3178,4
3179,4
3180,4
3181,4
3182,1
3183,3
3184,1
3185,1
3186,1
3187,3
3188,4
3189,4
3190,2
3191,4
3192,4
3193,2
3194,1
3195,1
3196,3
3197,3
3198,1
3199,2
3200,3
3201,4
3202,3
3203,3
3204,2
3205,2
3206,2
3207,1
3208,2
3209,4
3210,3
3211,2
3212,1
3213,3
3214,3
3215,2
3216,3
3217,1
3218,3
3219,3
3220,1
3221,3
3222,2
3223,4
3224,3
3225,4
3226,4
3227,2
3228,3
3229,1
3230,3
3231,3
3232,1
3233,2
3234,1
3235,3
3236,4
3237,2
3238,4
3239,1
3240,2
3241,1
3242,2
3243,2
3244,3
3245,2
3246,4
3247,2
3248,2
3249,1
3250,3
3251,1
3252,4
3253,2
3254,2
3255,1
3256,4
3257,3
3258,2
3259,2
3260,3
3261,4
3262,4
3263,3
3264,4
3265,4
3266,1
3267,2
3268,1
3269,2
3270,1
3271,3
3272,1
3273,1
3274,2
3275,3
3276,2
3277,4
3278,4
3279,2
3280,1
3281,2
3282,2
3283,1
3284,2
3285,1
3286,3
3287,3
3288,3
3289,2
3290,1
3291,1
3292,1
3293,2
3294,1
3295,4
3296,2
3297,2
3298,2
3299,2
3300,3
3301,1
3302,3
3303,3
3304,4
3305,2
3306,4
3307,4
3308,3
3309,2
3310,4
3311,3
3312,2
3313,3
3314,3
3315,2
3316,1
3317,4
3318,2
3319,1
3320,3
3321,2
3322,1
3323,2
3324,3
3325,3
3326,1
3327,2
3328,4
3329,4
3330,1
3331,1
3332,2
3333,1
3334,3
3335,2
3336,4
3337,2
3338,1
3339,1
3340,4
3341,3
3342,3
3343,1
3344,3
3345,1
3346,1
3347,4
3348,1
3349,1
3350,3
3351,2
3352,4
3353,1
3354,4
3355,2
3356,2
3357,4
3358,3
3359,4
3360,1
3361,2
3362,2
3363,3
3364,1
3365,1
3366,2
3367,4
3368,3
3369,4
3370,4
3371,4
3372,1
3373,3
3374,3
3375,1
3376,4
3377,2
3378,4
3379,4
3380,1
3381,3
3382,4
3383,1
3384,3
3385,4
3386,4
3387,2
3388,3
3389,4
3390,2
3391,2
3392,1
3393,4
3394,3
3395,4
3396,4
3397,4
3398,4
3399,1
3400,4
3401,4
3402,1
3403,1
3404,4
3405,1
3406,3
3407,2
3408,4
3409,4
3410,3
3411,4
3412,3
3413,1
3414,3
3415,1
3416,2
3417,1
3418,1
3419,2
3420,3
3421,2
3422,1
3423,1
3424,3
3425,3
3426,4
3427,4
3428,4
3429,2
3430,4
3431,3
3432,2
3433,4
3434,4
3435,4
3436,1
3437,3
3438,1
3439,4
3440,1
3441,2
3442,4
3443,3
3444,3
3445,2
3446,4
3447,3
3448,2
3449,3
3450,3
3451,4
3452,3
3453,4
3454,2
3455,2
3456,3
3457,3
3458,3
3459,2
3460,1
3461,3
3462,3
3463,3
3464,2
3465,4
3466,1
3467,3
3468,1
3469,2
3470,2
3471,1
3472,3
3473,4
3474,4
3475,3
3476,3
3477,2
3478,3
3479,4
3480,4
3481,4
3482,4
3483,2
3484,1
3485,4
3486,2
3487,2
3488,4
3489,3
3490,1
3491,4
3492,4
3493,3
3494,4
3495,2
3496,1
3497,4
3498,1
3499,3
3500,4
3501,1
3502,2
3503,3
3504,2
3505,4
3506,3
3507,2
3508,2
3509,4
3510,3
3511,1
3512,2
3513,1
3514,3
3515,1
3516,2
3517,3
3518,3
3519,1
3520,3
3521,2
3522,4
3523,4
3524,4
3525,4
3526,4
3527,1
3528,3
3529,3
3530,1
3531,1
3532,2
3533,1
3534,2
3535,3
3536,2
3537,1
3538,2
3539,2
3540,3
3541,1
3542,4
3543,1
3544,2
3545,2
3546,2
3547,1
3548,3
3549,3
3550,4
3551,3
3552,3
3553,3
3554,1
3555,1
3556,1
3557,4
3558,4
3559,3
3560,2
3561,3
3562,1
3563,1
3564,3
3565,1
3566,3
3567,3
3568,3
3569,2
3570,1
3571,3
3572,3
3573,1
3574,2
3575,2
3576,1
3577,2
3578,3
3579,2
3580,3
3581,2
3582,4
3583,3
3584,2
3585,2
3586,4
3587,2
3588,4
3589,4
3590,3
3591,3
3592,1
3593,1
3594,3
3595,3
3596,2
3597,4
3598,4
3599,4
3600,2
3601,4
3602,1
3603,1
3604,4
3605,4
3606,1
3607,3
3608,4
3609,2
3610,2
3611,2
3612,2
3613,2
3614,2
3615,4
3616,4
3617,3
3618,1
3619,2
3620,2
3621,2
3622,1
3623,1
3624,2
3625,2
3626,3
3627,4
3628,4
3629,1
3630,4
3631,3
3632,2
3633,3
3634,3
3635,4
3636,2
3637,4
3638,2
3639,4
3640,3
3641,4
3642,3
3643,4
3644,1
3645,3
3646,3
3647,1
3648,2
3649,3
3650,1
3651,2
3652,4
3653,1
3654,3
3655,2
3656,3
3657,3
3658,2
3659,2
3660,4
3661,3
3662,2
3663,4
3664,3
3665,4
3666,1
3667,2
3668,4
3669,1
3670,3
3671,2
3672,3
3673,4
3674,2
3675,4
3676,1
3677,3
3678,4
3679,2
3680,4
3681,1
3682,2
3683,4
3684,2
3685,4
3686,2
3687,4
3688,3
3689,2
3690,1
3691,4
3692,4
3693,1
3694,3
3695,4
3696,1
3697,2
3698,4
3699,4
3700,3
3701,4
3702,3
3703,1
3704,3
3705,2
3706,3
3707,4
3708,4
3709,1
3710,4
3711,3
3712,2
3713,2
3714,4
3715,3
3716,1
3717,1
3718,2
3719,2
3720,2
3721,2
3722,1
3723,3
3724,3
3725,2
3726,2
3727,3
3728,3
3729,1
3730,2
3731,1
3732,4
3733,2
3734,2
3735,3
3736,2
3737,1
3738,1
3739,4
3740,1
3741,2
3742,1
3743,2
3744,4
3745,4
3746,4
3747,3
3748,4
3749,4
3750,4
3751,3
3752,2
3753,2
3754,1
3755,4
3756,3
3757,3
3758,3
3759,2
3760,3
3761,3
3762,1
3763,2
3764,1
3765,1
3766,1
3767,3
3768,2
3769,2
3770,1
3771,1
3772,4
3773,4
3774,2
3775,1
3776,4
3777,3
3778,4
3779,3
3780,3
3781,1
3782,2
3783,1
3784,3
3785,3
3786,2
3787,3
3788,3
3789,3
3790,4
3791,3
3792,3
3793,3
3794,3
3795,1
3796,2
3797,3
3798,2
3799,3
3800,4
3801,2
3802,2
3803,2
3804,3
3805,4
3806,3
3807,3
3808,3
3809,2
3810,4
3811,1
3812,2
3813,2
3814,2
3815,1
3816,4
3817,1
3818,4
3819,3
3820,3
3821,2
3822,3
3823,1
3824,1
3825,4
3826,4
3827,2
3828,1
3829,2
3830,1
3831,1
3832,3
3833,3
3834,4
3835,4
3836,1
3837,1
3838,2
3839,3
3840,1
3841,1
3842,1
3843,3
3844,3
3845,2
3846,4
3847,1
3848,2
3849,3
3850,4
3851,3
3852,3
3853,3
3854,3
3855,4
3856,4
3857,2
3858,2
3859,2
3860,1
3861,1
3862,4
3863,1
3864,2
3865,4
3866,4
3867,1
3868,4
3869,2
3870,2
3871,1
3872,1
3873,4
3874,3
3875,3
3876,2
3877,2
3878,2
3879,2
3880,2
3881,3
3882,3
3883,2
3884,1
3885,3
3886,4
3887,1
3888,1
3889,1
3890,1
3891,3
3892,4
3893,1
3894,4
3895,4
3896,1
3897,1
3898,4
3899,2
3900,1
3901,3
3902,4
3903,2
3904,4
3905,2
3906,1
3907,1
3908,1
3909,3
3910,1
3911,1
3912,1
3913,2
3914,2
3915,4
3916,1
3917,1
3918,4
3919,2
3920,2
3921,2
3922,4
3923,3
3924,1
3925,4
3926,3
3927,4
3928,1
3929,3
3930,4
3931,1
3932,1
3933,3
3934,2
3935,1
3936,2
3937,4
3938,4
3939,1
3940,4
3941,4
3942,1
3943,1
3944,1
3945,4
3946,4
3947,3
3948,4
3949,1
3950,1
3951,2
3952,4
3953,2
3954,4
3955,3
3956,1
3957,4
3958,2
3959,3
3960,1
3961,4
3962,1
3963,1
3964,3
3965,2
3966,2
3967,3
3968,4
3969,1
3970,2
3971,2
3972,3
3973,4
3974,4
3975,3
3976,4
3977,3
3978,3
3979,1
3980,2
3981,1
3982,4
3983,4
3984,4
3985,4
3986,4
3987,4
3988,2
3989,4
3990,2
3991,3
3992,3
3993,2
3994,3
3995,3
3996,4
3997,1
3998,1
3999,4
4000,4
4001,3
4002,2
4003,3
4004,2
4005,1
4006,4
4007,2
4008,3
4009,4
4010,3
4011,3
4012,2
4013,1
4014,1
4015,3
4016,2
4017,3
4018,3
4019,4
4020,1
4021,4
4022,2
4023,3
4024,2
4025,1
4026,4
4027,4
4028,3
4029,1
4030,2
4031,3
4032,3
4033,2
4034,3
4035,4
4036,3
4037,4
4038,3
4039,4
4040,2
4041,2
4042,3
4043,2
4044,3
4045,1
4046,3
4047,3
4048,3
4049,4
4050,4
4051,4
4052,1
4053,1
4054,4
4055,2
4056,1
4057,2
4058,1
4059,4
4060,2
4061,3
4062,4
4063,3
4064,2
4065,3
4066,1
4067,2
4068,2
4069,2
4070,4
4071,3
4072,4
4073,2
4074,2
4075,1
4076,4
4077,1
4078,4
4079,1
4080,1
4081,4
4082,2
4083,1
4084,4
4085,2
4086,2
4087,3
4088,2
4089,2
4090,1
4091,2
4092,4
4093,4
4094,2
4095,2
4096,4
4097,3
4098,4
4099,1
4100,4
4101,2
4102,3
4103,4
4104,3
4105,2
4106,4
4107,1
4108,1
4109,3
4110,4
4111,1
4112,2
4113,1
4114,1
4115,2
4116,1
4117,2
4118,4
4119,2
4120,4
4121,2
4122,1
4123,4
4124,1
4125,2
4126,1
4127,4
4128,1
4129,3
4130,4
4131,1
4132,4
4133,4
4134,4
4135,2
4136,4
4137,1
4138,1
4139,4
4140,1
4141,2
4142,2
4143,1
4144,1
4145,3
4146,4
4147,1
4148,2
4149,2
4150,4
4151,2
4152,1
4153,2
4154,4
4155,4
4156,4
4157,2
4158,1
4159,3
4160,4
4161,4
4162,4
4163,1
4164,2
4165,2
4166,3
4167,1
4168,4
4169,2
4170,1
4171,3
4172,3
4173,1
4174,3
4175,2
4176,2
4177,2
4178,1
4179,2
4180,4
4181,2
4182,2
4183,4
4184,2
4185,4
4186,4
4187,2
4188,1
4189,1
4190,1
4191,2
4192,4
4193,3
4194,1
4195,3
4196,2
4197,4
4198,1
4199,1
4200,2
4201,3
4202,2
4203,4
4204,4
4205,4
4206,3
4207,3
4208,1
4209,2
4210,2
4211,4
4212,2
4213,4
4214,3
4215,1
4216,3
4217,2
4218,4
4219,1
4220,1
4221,2
4222,2
4223,1
4224,1
4225,2
4226,2
4227,1
4228,1
4229,2
4230,2
4231,4
4232,4
4233,4
4234,2
4235,4
4236,1
4237,3
4238,3
4239,1
4240,3
4241,4
4242,4
4243,2
4244,1
4245,1
4246,4
4247,2
4248,2
4249,1
4250,4
4251,1
4252,4
4253,3
4254,4
4255,2
4256,1
4257,2
4258,3
4259,1
4260,4
4261,4
4262,2
4263,2
4264,4
4265,4
4266,4
4267,1
4268,2
4269,2
4270,4
4271,4
4272,1
4273,4
4274,2
4275,3
4276,1
4277,1
4278,2
4279,1
4280,2
4281,2
4282,1
4283,1
4284,1
4285,1
4286,3
4287,2
4288,3
4289,1
4290,2
4291,2
4292,2
4293,1
4294,1
4295,1
4296,4
4297,4
4298,1
4299,4
4300,4
4301,4
4302,4
4303,1
4304,3
4305,2
4306,4
4307,4
4308,1
4309,1
4310,3
4311,3
4312,2
4313,4
4314,2
4315,1
4316,3
4317,3
4318,2
4319,2
4320,3
4321,2
4322,4
4323,3
4324,3
4325,4
4326,3
4327,3
4328,4
4329,3
4330,4
4331,2
4332,3
4333,3
4334,4
4335,2
4336,2
4337,1
4338,3
4339,1
4340,1
4341,2
4342,3
4343,1
4344,2
4345,4
4346,4
4347,4
4348,2
4349,4
4350,4
4351,4
4352,2
4353,2
4354,3
4355,2
4356,3
4357,2
4358,4
4359,4
4360,3
4361,2
4362,3
4363,4
4364,2
4365,3
4366,1
4367,1
4368,3
4369,1
4370,3
4371,1
4372,4
4373,1
4374,4
4375,1
4376,2
4377,1
4378,3
4379,3
4380,1
4381,1
4382,2
4383,3
4384,1
4385,2
4386,4
4387,4
4388,4
4389,1
4390,1
4391,2
4392,4
4393,2
4394,4
4395,3
4396,4
4397,3
4398,1
4399,1
4400,3
4401,3
4402,4
4403,2
4404,2
4405,2
4406,1
4407,3
4408,1
4409,4
4410,2
4411,4
4412,4
4413,3
4414,2
4415,3
4416,4
4417,3
4418,1
4419,3
4420,3
4421,4
4422,4
4423,1
4424,2
4425,3
4426,4
4427,1
4428,1
4429,2
4430,2
4431,4
4432,3
4433,4
4434,2
4435,1
4436,1
4437,3
4438,2
4439,2
4440,3
4441,1
4442,4
4443,3
4444,4
4445,1
4446,2
4447,2
4448,3
4449,1
4450,3
4451,2
4452,3
4453,1
4454,1
4455,4
4456,4
4457,2
4458,1
4459,4
4460,3
4461,3
4462,3
4463,4
4464,2
4465,3
4466,4
4467,4
4468,4
4469,3
4470,2
4471,2
4472,1
4473,1
4474,4
4475,1
4476,2
4477,3
4478,4
4479,2
4480,4
4481,1
4482,3
4483,4
4484,2
4485,3
4486,2
4487,1
4488,1
4489,2
4490,4
4491,3
4492,3
4493,3
4494,1
4495,1
4496,4
4497,4
4498,3
4499,3
4500,2
4501,3
4502,1
4503,3
4504,1
4505,3
4506,3
4507,4
4508,2
4509,3
4510,1
4511,3
4512,4
4513,1
4514,3
4515,4
4516,3
4517,3
4518,2
4519,4
4520,4
4521,3
4522,3
4523,3
4524,4
4525,3
4526,4
4527,3
4528,3
4529,4
4530,3
4531,1
4532,2
4533,1
4534,3
4535,1
4536,4
4537,2
4538,1
4539,1
4540,1
4541,1
4542,1
4543,4
4544,2
4545,1
4546,4
4547,1
4548,2
4549,3
4550,2
4551,4
4552,1
4553,2
4554,1
4555,2
4556,4
4557,2
4558,2
4559,4
4560,3
4561,1
4562,4
4563,4
4564,1
4565,1
4566,3
4567,3
4568,2
4569,4
4570,1
4571,1
4572,4
4573,4
4574,3
4575,1
4576,4
4577,1
4578,1
4579,2
4580,3
4581,1
4582,1
4583,1
4584,2
4585,4
4586,4
4587,2
4588,3
4589,2
4590,1
4591,3
4592,3
4593,1
4594,2
4595,2
4596,1
4597,3
4598,3
4599,4
4600,4
4601,1
4602,2
4603,1
4604,2
4605,4
4606,4
4607,4
4608,2
4609,2
4610,1
4611,1
4612,4
4613,3
4614,4
4615,2
4616,4
4617,3
4618,2
4619,4
4620,4
4621,4
4622,4
4623,4
4624,1
4625,1
4626,1
4627,2
4628,3
4629,3
4630,1
4631,2
4632,2
4633,3
4634,2
4635,1
4636,1
4637,4
4638,2
4639,1
4640,3
4641,4
4642,2
4643,3
4644,3
4645,4
4646,2
4647,2
4648,3
4649,1
4650,1
4651,4
4652,4
4653,4
4654,1
4655,4
4656,1
4657,3
4658,3
4659,1
4660,3
4661,2
4662,2
4663,4
4664,1
4665,1
4666,3
4667,4
4668,1
4669,3
4670,4
4671,4
4672,2
4673,2
4674,4
4675,2
4676,2
4677,4
4678,1
4679,1
4680,4
4681,1
4682,4
4683,2
4684,2
4685,4
4686,2
4687,1
4688,1
4689,1
4690,3
4691,1
4692,2
4693,3
4694,3
4695,4
4696,1
4697,1
4698,4
4699,3
4700,1
4701,4
4702,4
4703,1
4704,1
4705,2
4706,4
4707,4
4708,3
4709,3
4710,4
4711,4
4712,2
4713,1
4714,3
4715,2
4716,4
4717,2
4718,2
4719,2
4720,1
4721,2
4722,2
4723,2
4724,4
4725,1
4726,2
4727,3
4728,2
4729,3
4730,1
4731,3
4732,2
4733,3
4734,2
4735,4
4736,4
4737,4
4738,1
4739,4
4740,3
4741,3
4742,1
4743,4
4744,2
4745,1
4746,4
4747,1
4748,1
4749,4
4750,2
4751,1
4752,4
4753,3
4754,4
4755,3
4756,4
4757,3
4758,3
4759,2
4760,1
4761,1
4762,1
4763,2
4764,3
4765,1
4766,3
4767,3
4768,2
4769,4
4770,4
4771,3
4772,2
4773,1
4774,1
4775,2
4776,3
4777,4
4778,4
4779,3
4780,1
4781,3
4782,4
4783,1
4784,4
4785,3
4786,2
4787,4
4788,1
4789,3
4790,2
4791,2
4792,1
4793,2
4794,3
4795,4
4796,1
4797,3
4798,4
4799,2
4800,4
4801,1
4802,1
4803,4
4804,3
4805,3
4806,1
4807,2
4808,4
4809,4
4810,2
4811,1
4812,2
4813,2
4814,1
4815,1
4816,2
4817,2
4818,3
4819,1
4820,2
4821,2
4822,1
4823,3
4824,2
4825,3
4826,1
4827,3
4828,3
4829,2
4830,2
4831,3
4832,2
4833,3
4834,2
4835,2
4836,2
4837,2
4838,3
4839,2
4840,1
4841,1
4842,1
4843,1
4844,3
4845,1
4846,1
4847,4
4848,2
4849,1
4850,1
4851,3
4852,3
4853,1
4854,2
4855,3
4856,3
4857,4
4858,4
4859,3
4860,3
4861,3
4862,4
4863,2
4864,4
4865,1
4866,1
4867,2
4868,4
4869,1
4870,2
4871,1
4872,3
4873,3
4874,4
4875,1
4876,3
4877,1
4878,4
4879,4
4880,2
4881,2
4882,3
4883,2
4884,3
4885,4
4886,1
4887,3
4888,2
4889,1
4890,1
4891,4
4892,3
4893,3
4894,4
4895,3
4896,4
4897,3
4898,3
4899,4
4900,1
4901,3
4902,3
4903,4
4904,4
4905,4
4906,4
4907,4
4908,1
4909,3
4910,4
4911,2
4912,3
4913,2
4914,1
4915,3
4916,1
4917,2
4918,1
4919,1
4920,2
4921,2
4922,2
4923,4
4924,2
4925,1
4926,1
4927,3
4928,3
4929,1
4930,1
4931,2
4932,1
4933,4
4934,2
4935,2
4936,1
4937,4
4938,2
4939,2
4940,4
4941,1
4942,4
4943,3
4944,1
4945,4
4946,4
4947,2
4948,1
4949,4
4950,1
4951,4
4952,2
4953,3
4954,3
4955,4
4956,3
4957,2
4958,1
4959,1
4960,4
4961,4
4962,3
4963,3
4964,2
4965,3
4966,3
4967,3
4968,3
4969,1
4970,1
4971,3
4972,4
4973,3
4974,2
4975,1
4976,4
4977,2
4978,3
4979,3
4980,4
4981,1
4982,1
4983,3
4984,4
4985,1
4986,3
4987,4
4988,3
4989,4
4990,4
4991,2
4992,3
4993,4
4994,3
4995,3
4996,3
4997,1
4998,2
4999,2
5000,2
5001,3
5002,4
5003,3
5004,1
5005,1
5006,1
5007,2
5008,2
5009,1
5010,4
5011,2
5012,1
5013,4
5014,4
5015,3
5016,3
5017,4
5018,3
5019,3
5020,3
5021,2
5022,2
5023,2
5024,2
5025,3
5026,4
5027,3
5028,3
5029,2
5030,2
5031,4
5032,2
5033,4
5034,2
5035,2
5036,4
5037,2
5038,1
5039,4
5040,3
5041,3
5042,1
5043,1
5044,1
5045,3
5046,3
5047,4
5048,3
5049,3
5050,2
5051,2
5052,1
5053,4
5054,4
5055,1
5056,3
5057,4
5058,3
5059,3
5060,1
5061,4
5062,1
5063,3
5064,3
5065,3
5066,2
5067,1
5068,3
5069,4
5070,1
5071,3
5072,4
5073,3
5074,4
5075,1
5076,1
5077,4
5078,3
5079,2
5080,4
5081,4
5082,4
5083,4
5084,2
5085,4
5086,3
5087,2
5088,4
5089,3
5090,1
5091,2
5092,1
5093,3
5094,3
5095,1
5096,3
5097,4
5098,3
5099,4
5100,4
5101,1
5102,3
5103,3
5104,3
5105,2
5106,3
5107,3
5108,2
5109,2
5110,3
5111,1
5112,1
5113,4
5114,2
5115,3
5116,1
5117,4
5118,4
5119,2
5120,4
5121,2
5122,4
5123,2
5124,2
5125,4
5126,1
5127,2
5128,2
5129,4
5130,2
5131,1
5132,1
5133,1
5134,4
5135,3
5136,2
5137,3
5138,1
5139,4
5140,2
5141,1
5142,3
5143,2
5144,2
5145,2
5146,1
5147,3
5148,4
5149,2
5150,3
5151,2
5152,4
5153,3
5154,4
5155,3
5156,2
5157,4
5158,2
5159,4
5160,1
5161,3
5162,3
5163,3
5164,4
5165,1
5166,3
5167,3
5168,3
5169,4
5170,3
5171,4
5172,1
5173,2
5174,1
5175,3
5176,4
5177,1
5178,2
5179,4
5180,1
5181,2
5182,4
5183,1
5184,2
5185,1
5186,4
5187,2
5188,4
5189,3
5190,2
5191,1
5192,1
5193,1
5194,3
5195,4
5196,4
5197,4
5198,4
5199,1
5200,1
5201,2
5202,2
5203,4
5204,2
5205,1
5206,4
5207,3
5208,1
5209,1
5210,1
5211,4
5212,4
5213,3
5214,3
5215,2
5216,1
5217,1
5218,2
5219,2
5220,2
5221,4
5222,1
5223,3
5224,1
5225,4
5226,1
5227,1
5228,3
5229,2
5230,1
5231,1
5232,3
5233,1
5234,3
5235,2
5236,3
5237,1
5238,1
5239,1
5240,4
5241,3
5242,1
5243,1
5244,2
5245,4
5246,3
5247,1
5248,1
5249,2
5250,1
5251,1
5252,4
5253,1
5254,2
5255,3
5256,3
5257,4
5258,2
5259,2
5260,2
5261,4
5262,1
5263,4
5264,2
5265,2
5266,2
5267,3
5268,2
5269,4
5270,2
5271,4
5272,3
5273,1
5274,1
5275,3
5276,1
5277,1
5278,4
5279,1
5280,4
5281,4
5282,2
5283,2
5284,2
5285,2
5286,1
5287,3
5288,2
5289,2
5290,4
5291,2
5292,1
5293,2
5294,1
5295,1
5296,2
5297,2
5298,1
5299,2
5300,3
5301,2
5302,3
5303,1
5304,1
5305,3
5306,3
5307,3
5308,1
5309,4
5310,2
5311,1
5312,2
5313,1
5314,4
5315,3
5316,3
5317,2
5318,2
5319,2
5320,4
5321,4
5322,1
5323,4
5324,3
5325,2
5326,4
5327,4
5328,4
5329,1
5330,2
5331,3
5332,1
5333,4
5334,3
5335,2
5336,4
5337,4
5338,3
5339,4
5340,2
5341,3
5342,4
5343,1
5344,2
5345,3
5346,2
5347,1
5348,1
5349,2
5350,4
5351,4
5352,4
5353,1
5354,2
5355,2
5356,1
5357,3
5358,4
5359,1
5360,4
5361,4
5362,4
5363,2
5364,1
5365,1
5366,2
5367,2
5368,3
5369,3
5370,3
5371,2
5372,3
5373,1
5374,3
5375,3
5376,1
5377,3
5378,3
5379,3
5380,1
5381,4
5382,3
5383,4
5384,1
5385,2
5386,3
5387,1
5388,1
5389,4
5390,4
5391,2
5392,1
5393,2
5394,2
5395,1
5396,3
5397,3
5398,4
5399,1
5400,1
5401,1
5402,4
5403,3
5404,2
5405,3
5406,4
5407,4
5408,2
5409,4
5410,3
5411,2
5412,1
5413,4
5414,4
5415,4
5416,4
5417,3
5418,1
5419,1
5420,4
5421,4
5422,1
5423,4
5424,4
5425,3
5426,1
5427,1
5428,3
5429,4
5430,3
5431,2
5432,4
5433,1
5434,3
5435,4
5436,4
5437,3
5438,1
5439,3
5440,4
5441,4
5442,4
5443,3
5444,4
5445,2
5446,3
5447,1
5448,1
5449,3
5450,1
5451,3
5452,4
5453,3
5454,3
5455,1
5456,2
5457,1
5458,2
5459,2
5460,4
5461,3
5462,1
5463,3
5464,2
5465,4
5466,4
5467,1
5468,4
5469,4
5470,3
5471,1
5472,1
5473,2
5474,3
5475,1
5476,4
5477,4
5478,1
5479,3
5480,4
5481,1
5482,2
5483,4
5484,2
5485,2
5486,3
5487,3
5488,3
5489,3
5490,2
5491,3
5492,1
5493,1
5494,3
5495,4
5496,3
5497,3
5498,3
5499,2
5500,1
5501,3
5502,4
5503,2
5504,2
5505,1
5506,4
5507,2
5508,4
5509,1
5510,2
5511,3
5512,2
5513,3
5514,2
5515,3
5516,3
5517,3
5518,3
5519,2
5520,2
5521,3
5522,3
5523,1
5524,4
5525,2
5526,4
5527,2
5528,3
5529,1
5530,1
5531,4
5532,2
5533,3
5534,4
5535,1
5536,1
5537,2
5538,4
5539,2
5540,4
5541,1
5542,2
5543,4
5544,4
5545,1
5546,1
5547,3
5548,2
5549,2
5550,3
5551,3
5552,1
5553,2
5554,2
5555,2
5556,1
5557,4
5558,1
5559,2
5560,1
5561,4
5562,2
5563,1
5564,2
5565,4
5566,3
5567,2
5568,2
5569,1
5570,2
5571,4
5572,4
5573,4
5574,4
5575,2
5576,4
5577,4
5578,1
5579,4
5580,1
5581,2
5582,4
5583,1
5584,4
5585,1
5586,1
5587,3
5588,2
5589,3
5590,3
5591,1
5592,1
5593,4
5594,1
5595,1
5596,1
5597,1
5598,3
5599,3
5600,1
5601,1
5602,1
5603,1
5604,3
5605,4
5606,1
5607,1
5608,3
5609,4
5610,3
5611,1
5612,4
5613,4
5614,4
5615,2
5616,1
5617,2
5618,2
5619,3
5620,4
5621,4
5622,4
5623,4
5624,2
5625,3
5626,2
5627,1
5628,1
5629,4
5630,2
5631,3
5632,4
5633,1
5634,1
5635,4
5636,4
5637,2
5638,2
5639,3
5640,3
5641,1
5642,2
5643,3
5644,1
5645,4
5646,1
5647,2
5648,2
5649,4
5650,1
5651,3
5652,4
5653,2
5654,4
5655,4
5656,4
5657,4
5658,4
5659,1
5660,2
5661,4
5662,1
5663,4
5664,2
5665,3
5666,3
5667,2
5668,4
5669,2
5670,2
5671,3
5672,2
5673,4
5674,3
5675,2
5676,3
5677,2
5678,3
5679,1
5680,3
5681,3
5682,1
5683,1
5684,3
5685,4
5686,3
5687,3
5688,2
5689,2
5690,2
5691,1
5692,3
5693,1
5694,4
5695,2
5696,1
5697,3
5698,4
5699,1
5700,4
5701,3
5702,3
5703,1
5704,3
5705,2
5706,1
5707,4
5708,1
5709,3
5710,2
5711,3
5712,4
5713,3
5714,3
5715,1
5716,3
5717,3
5718,4
5719,1
5720,2
5721,4
5722,3
5723,1
5724,4
5725,4
5726,4
5727,3
5728,4
5729,2
5730,3
5731,1
5732,1
5733,3
5734,2
5735,2
5736,2
5737,3
5738,4
5739,1
5740,2
5741,4
5742,3
5743,2
5744,4
5745,4
5746,2
5747,1
5748,3
5749,2
5750,1
5751,2
5752,3
5753,2
5754,1
5755,2
5756,3
5757,4
5758,1
5759,1
5760,4
5761,2
5762,1
5763,4
5764,2
5765,1
5766,3
5767,4
5768,3
5769,2
5770,4
5771,4
5772,1
5773,3
5774,3
5775,1
5776,1
5777,2
5778,1
5779,3
5780,2
5781,2
5782,4
5783,4
5784,4
5785,4
5786,2
5787,3
5788,3
5789,3
5790,1
5791,1
5792,1
5793,2
5794,3
5795,1
5796,2
5797,3
5798,3
5799,1
5800,1
5801,4
5802,4
5803,1
5804,2
5805,1
5806,2
5807,2
5808,4
5809,4
5810,3
5811,1
5812,2
5813,2
5814,4
5815,1
5816,3
5817,1
5818,4
5819,2
5820,2
5821,4
5822,3
5823,4
5824,3
5825,4
5826,4
5827,3
5828,4
5829,1
5830,1
5831,2
5832,2
5833,2
5834,3
5835,1
5836,2
5837,1
5838,3
5839,4
5840,3
5841,1
5842,2
5843,4
5844,4
5845,4
5846,3
5847,3
5848,2
5849,1
5850,1
5851,2
5852,1
5853,2
5854,2
5855,4
5856,1
5857,2
5858,2
5859,3
5860,2
5861,3
5862,4
5863,1
5864,3
5865,1
5866,4
5867,4
5868,4
5869,3
5870,1
5871,2
5872,3
5873,3
5874,1
5875,3
5876,3
5877,4
5878,1
5879,4
5880,3
5881,1
5882,3
5883,3
5884,1
5885,2
5886,1
5887,3
5888,3
5889,1
5890,4
5891,4
5892,1
5893,4
5894,2
5895,4
5896,4
5897,2
5898,1
5899,2
5900,1
5901,2
5902,4
5903,2
5904,1
5905,3
5906,1
5907,2
5908,2
5909,4
5910,4
5911,3
5912,1
5913,2
5914,1
5915,2
5916,3
5917,2
5918,1
5919,1
5920,2
5921,2
5922,2
5923,1
5924,2
5925,4
5926,2
5927,1
5928,3
5929,2
5930,4
5931,1
5932,4
5933,4
5934,2
5935,2
5936,1
5937,2
5938,4
5939,1
5940,2
5941,2
5942,4
5943,1
5944,2
5945,4
5946,1
5947,4
5948,4
5949,4
5950,4
5951,1
5952,4
5953,1
5954,4
5955,4
5956,3
5957,3
5958,4
5959,4
5960,3
5961,4
5962,2
5963,4
5964,4
5965,3
5966,3
5967,4
5968,3
5969,3
5970,1
5971,1
5972,4
5973,1
5974,1
5975,1
5976,4
5977,3
5978,3
5979,1
5980,2
5981,3
5982,4
5983,3
5984,3
5985,4
5986,3
5987,3
5988,1
5989,2
5990,4
5991,1
5992,3
5993,1
5994,1
5995,3
5996,1
5997,4
5998,2
5999,2
6000,1
6001,4
6002,4
6003,3
6004,3
6005,4
6006,1
6007,3
6008,1
6009,1
6010,2
6011,2
6012,1
6013,3
6014,4
6015,2
6016,4
6017,4
6018,4
6019,2
6020,3
6021,1
6022,3
6023,2
6024,4
6025,3
6026,3
6027,3
6028,1
6029,1
6030,4
6031,1
6032,3
6033,2
6034,3
6035,2
6036,1
6037,4
6038,4
6039,1
6040,3
6041,4
6042,3
6043,2
6044,3
6045,2
6046,2
6047,4
6048,2
6049,4
6050,3
6051,3
6052,3
6053,1
6054,1
6055,2
6056,1
6057,3
6058,2
6059,1
6060,1
6061,2
6062,4
6063,1
6064,4
6065,1
6066,2
6067,2
6068,2
6069,3
6070,1
6071,4
6072,1
6073,2
6074,3
6075,2
6076,2
6077,1
6078,1
6079,3
6080,1
6081,4
6082,3
6083,4
6084,1
6085,4
6086,1
6087,4
6088,2
6089,4
6090,2
6091,2
6092,2
6093,4
6094,2
6095,2
6096,1
6097,3
6098,2
6099,4
6100,3
6101,2
6102,1
6103,2
6104,2
6105,3
6106,4
6107,4
6108,2
6109,2
6110,3
6111,2
6112,3
6113,4
6114,1
6115,3
6116,3
6117,2
6118,2
6119,2
6120,4
6121,3
6122,2
6123,1
6124,4
6125,4
6126,1
6127,4
6128,4
6129,2
6130,3
6131,2
6132,2
6133,3
6134,2
6135,4
6136,1
6137,2
6138,1
6139,1
6140,3
6141,2
6142,3
6143,3
6144,1
6145,4
6146,3
6147,1
6148,4
6149,4
6150,1
6151,1
6152,4
6153,1
6154,1
6155,4
6156,1
6157,4
6158,4
6159,2
6160,2
6161,2
6162,2
6163,3
6164,2
6165,3
6166,1
6167,2
6168,4
6169,1
6170,1
6171,1
6172,2
6173,1
6174,2
6175,2
6176,2
6177,3
6178,2
6179,4
6180,4
6181,3
6182,1
6183,4
6184,4
6185,4
6186,2
6187,3
6188,1
6189,4
6190,4
6191,3
6192,2
6193,1
6194,2
6195,3
6196,4
6197,3
6198,3
6199,1
6200,4
6201,2
6202,3
6203,2
6204,2
6205,4
6206,3
6207,1
6208,2
6209,2
6210,1
6211,2
6212,4
6213,4
6214,2
6215,3
6216,2
6217,4
6218,1
6219,4
6220,4
6221,1
6222,3
6223,3
6224,3
6225,1
6226,1
6227,1
6228,3
6229,2
6230,1
6231,4
6232,2
6233,4
6234,2
6235,3
6236,1
6237,4
6238,1
6239,3
6240,4
6241,2
6242,1
6243,3
6244,1
6245,2
6246,3
6247,2
6248,1
6249,4
6250,1
6251,2
6252,2
6253,2
6254,2
6255,3
6256,3
6257,1
6258,1
6259,3
6260,1
6261,1
6262,2
6263,1
6264,3
6265,2
6266,2
6267,4
6268,2
6269,3
6270,4
6271,3
6272,2
6273,1
6274,3
6275,1
6276,2
6277,1
6278,4
6279,1
6280,3
6281,1
6282,1
6283,3
6284,2
6285,2
6286,1
6287,2
6288,3
6289,1
6290,3
6291,4
6292,1
6293,2
6294,3
6295,1
6296,1
6297,4
6298,3
6299,1
6300,4
6301,3
6302,3
6303,1
6304,2
6305,2
6306,4
6307,4
6308,1
6309,3
6310,3
6311,3
6312,3
6313,1
6314,3
6315,3
6316,2
6317,4
6318,2
6319,2
6320,3
6321,2
6322,3
6323,4
6324,1
6325,1
6326,4
6327,4
6328,2
6329,4
6330,3
6331,1
6332,3
6333,3
6334,2
6335,2
6336,2
6337,2
6338,4
6339,1
6340,4
6341,4
6342,3
6343,4
6344,3
6345,2
6346,4
6347,4
6348,3
6349,1
6350,2
6351,2
6352,1
6353,1
6354,3
6355,2
6356,2
6357,2
6358,4
6359,4
6360,3
6361,2
6362,3
6363,3
6364,3
6365,2
6366,1
6367,4
6368,2
6369,1
6370,1
6371,3
6372,1
6373,2
6374,3
6375,1
6376,4
6377,4
6378,2
6379,1
6380,1
6381,4
6382,2
6383,1
6384,2
6385,1
6386,3
6387,2
6388,3
6389,2
6390,1
6391,2
6392,3
6393,4
6394,4
6395,1
6396,3
6397,2
6398,3
6399,3
6400,1
6401,3
6402,3
6403,4
6404,1
6405,1
6406,3
6407,2
6408,4
6409,3
6410,2
6411,2
6412,3
6413,1
6414,3
6415,1
6416,4
6417,3
6418,3
6419,2
6420,3
6421,4
6422,4
6423,3
6424,1
6425,1
6426,2
6427,4
6428,2
6429,1
6430,1
6431,4
6432,4
6433,2
6434,3
6435,3
6436,1
6437,2
6438,1
6439,2
6440,3
6441,1
6442,1
6443,4
6444,2
6445,2
6446,4
6447,1
6448,2
6449,4
6450,4
6451,2
6452,2
6453,1
6454,3
6455,3
6456,3
6457,4
6458,1
6459,2
6460,1
6461,1
6462,2
6463,1
6464,4
6465,4
6466,4
6467,1
6468,3
6469,2
6470,4
6471,1
6472,3
6473,2
6474,3
6475,1
6476,4
6477,4
6478,4
6479,3
6480,4
6481,2
6482,1
6483,1
6484,2
6485,3
6486,3
6487,1
6488,2
6489,1
6490,2
6491,4
6492,2
6493,4
6494,1
6495,1
6496,1
6497,3
6498,2
6499,3
6500,2
6501,3
6502,2
6503,1
6504,2
6505,3
6506,4
6507,2
6508,2
6509,1
6510,4
6511,2
6512,1
6513,2
6514,1
6515,2
6516,3
6517,3
6518,4
6519,2
6520,3
6521,2
6522,4
6523,1
6524,4
6525,3
6526,4
6527,3
6528,4
6529,4
6530,2
6531,2
6532,4
6533,2
6534,3
6535,1
6536,4
6537,3
6538,4
6539,4
6540,3
6541,2
6542,1
6543,1
6544,2
6545,2
6546,3
6547,4
6548,3
6549,3
6550,1
6551,1
6552,2
6553,1
6554,3
6555,4
6556,2
6557,1
6558,3
6559,3
6560,1
6561,3
6562,4
6563,4
6564,1
6565,1
6566,4
6567,2
6568,1
6569,3
6570,3
6571,4
6572,3
6573,4
6574,4
6575,2
6576,4
6577,3
6578,2
6579,1
6580,3
6581,4
6582,1
6583,1
6584,1
6585,1
6586,2
6587,4
6588,2
6589,1
6590,4
6591,3
6592,2
6593,2
6594,3
6595,3
6596,4
6597,3
6598,2
6599,3
6600,4
6601,2
6602,3
6603,1
6604,3
6605,1
6606,1
6607,4
6608,2
6609,4
6610,1
6611,3
6612,1
6613,2
6614,2
6615,3
6616,1
6617,1
6618,2
6619,3
6620,2
6621,3
6622,1
6623,3
6624,3
6625,4
6626,2
6627,4
6628,1
6629,3
6630,4
6631,2
6632,2
6633,2
6634,1
6635,4
6636,3
6637,1
6638,1
6639,1
6640,4
6641,3
6642,2
6643,4
6644,2
6645,2
6646,2
6647,1
6648,1
6649,4
6650,3
6651,4
6652,2
6653,3
6654,4
6655,4
6656,4
6657,3
6658,1
6659,4
6660,1
6661,4
6662,3
6663,3
6664,1
6665,4
6666,4
6667,3
6668,4
6669,3
6670,4
6671,3
6672,2
6673,3
6674,3
6675,3
6676,1
6677,3
6678,1
6679,2
6680,4
6681,1
6682,4
6683,1
6684,2
6685,4
6686,2
6687,4
6688,1
6689,2
6690,4
6691,3
6692,1
6693,1
6694,3
6695,3
6696,1
6697,2
6698,3
6699,4
6700,1
6701,2
6702,4
6703,4
6704,1
6705,2
6706,4
6707,4
6708,4
6709,3
6710,4
6711,1
6712,3
6713,1
6714,3
6715,3
6716,1
6717,2
6718,3
6719,3
6720,1
6721,4
6722,1
6723,2
6724,2
6725,4
6726,1
6727,2
6728,4
6729,3
6730,3
6731,4
6732,3
6733,1
6734,1
6735,1
6736,2
6737,4
6738,1
6739,2
6740,1
6741,4
6742,4
6743,2
6744,2
6745,3
6746,2
6747,4
6748,2
6749,1
6750,4
6751,4
6752,2
6753,1
6754,1
6755,2
6756,2
6757,4
6758,1
6759,3
6760,4
6761,3
6762,2
6763,2
6764,1
6765,2
6766,2
6767,2
6768,2
6769,4
6770,2
6771,1
6772,4
6773,3
6774,1
6775,4
6776,4
6777,2
6778,1
6779,2
6780,3
6781,4
6782,2
6783,2
6784,2
6785,1
6786,1
6787,1
6788,1
6789,4
6790,2
6791,3
6792,2
6793,1
6794,1
6795,4
6796,1
6797,1
6798,2
6799,2
6800,4
6801,3
6802,3
6803,1
6804,4
6805,4
6806,2
6807,2
6808,1
6809,1
6810,4
6811,1
6812,3
6813,3
6814,1
6815,4
6816,4
6817,2
6818,3
6819,4
6820,2
6821,4
6822,1
6823,4
6824,1
6825,1
6826,4
6827,3
6828,1
6829,2
6830,1
6831,4
6832,3
6833,4
6834,4
6835,2
6836,3
6837,1
6838,1
6839,3
6840,1
6841,2
6842,3
6843,1
6844,1
6845,2
6846,2
6847,1
6848,2
6849,1
6850,1
6851,4
6852,3
6853,4
6854,2
6855,1
6856,2
6857,3
6858,4
6859,1
6860,4
6861,4
6862,4
6863,2
6864,3
6865,3
6866,2
6867,3
6868,3
6869,1
6870,4
6871,4
6872,1
6873,4
6874,2
6875,1
6876,2
6877,2
6878,2
6879,4
6880,3
6881,3
6882,2
6883,3
6884,1
6885,3
6886,4
6887,4
6888,2
6889,4
6890,4
6891,4
6892,2
6893,2
6894,2
6895,2
6896,4
6897,4
6898,1
6899,3
6900,4
6901,1
6902,1
6903,2
6904,2
6905,2
6906,3
6907,1
6908,2
6909,3
6910,2
6911,3
6912,2
6913,1
6914,4
6915,2
6916,2
6917,4
6918,1
6919,1
6920,2
6921,2
6922,2
6923,1
6924,1
6925,3
6926,4
6927,1
6928,3
6929,4
6930,1
6931,4
6932,4
6933,3
6934,4
6935,2
6936,3
6937,3
6938,2
6939,2
6940,4
6941,3
6942,4
6943,1
6944,2
6945,1
6946,2
6947,1
6948,2
6949,2
6950,1
6951,2
6952,2
6953,2
6954,1
6955,4
6956,1
6957,2
6958,3
6959,3
6960,1
6961,4
6962,2
6963,2
6964,3
6965,2
6966,3
6967,4
6968,4
6969,4
6970,3
6971,4
6972,2
6973,3
6974,3
6975,3
6976,1
6977,3
6978,1
6979,3
6980,4
6981,4
6982,3
6983,2
6984,2
6985,3
6986,3
6987,3
6988,1
6989,4
6990,2
6991,3
6992,3
6993,1
6994,2
6995,2
6996,4
6997,2
6998,1
6999,1
7000,1
7001,1
7002,1
7003,4
7004,2
7005,1
7006,3
7007,2
7008,4
7009,3
7010,4
7011,1
7012,3
7013,1
7014,2
7015,1
7016,2
7017,3
7018,3
7019,2
7020,2
7021,2
7022,2
7023,3
7024,4
7025,4
7026,2
7027,1
7028,2
7029,1
7030,3
7031,3
7032,3
7033,1
7034,3
7035,4
7036,4
7037,3
7038,4
7039,3
7040,4
7041,4
7042,4
7043,4
7044,3
7045,4
7046,4
7047,1
7048,2
7049,3
7050,2
7051,1
7052,4
7053,4
7054,3
7055,1
7056,1
7057,2
7058,1
7059,4
7060,3
7061,3
7062,2
7063,2
7064,2
7065,3
7066,1
7067,3
7068,4
7069,1
7070,4
7071,4
7072,3
7073,1
7074,1
7075,2
7076,3
7077,3
7078,3
7079,1
7080,4
7081,1
7082,2
7083,4
7084,3
7085,4
7086,3
7087,3
7088,1
7089,2
7090,2
7091,4
7092,4
7093,1
7094,4
7095,1
7096,1
7097,2
7098,3
7099,1
7100,1
7101,4
7102,2
7103,2
7104,3
7105,4
7106,2
7107,2
7108,1
7109,4
7110,1
7111,2
7112,4
7113,1
7114,1
7115,1
7116,2
7117,4
7118,4
7119,1
7120,3
7121,4
7122,2
7123,3
7124,3
7125,4
7126,2
7127,3
7128,3
7129,1
7130,1
7131,4
7132,4
7133,3
7134,2
7135,2
7136,1
7137,2
7138,1
7139,4
7140,2
7141,2
7142,3
7143,1
7144,3
7145,2
7146,3
7147,2
7148,4
7149,4
7150,4
7151,4
7152,1
7153,2
7154,3
7155,1
7156,1
7157,1
7158,3
7159,4
7160,2
7161,1
7162,4
7163,1
7164,3
7165,2
7166,2
7167,3
7168,2
7169,4
7170,3
7171,4
7172,1
7173,1
7174,1
7175,1
7176,2
7177,2
7178,3
7179,3
7180,4
7181,2
7182,2
7183,2
7184,3
7185,3
7186,2
7187,1
7188,1
7189,4
7190,3
7191,1
7192,3
7193,4
7194,4
7195,3
7196,3
7197,3
7198,1
7199,3
7200,3
7201,2
7202,1
7203,1
7204,2
7205,1
7206,4
7207,1
7208,1
7209,2
7210,2
7211,4
7212,2
7213,2
7214,2
7215,3
7216,3
7217,1
7218,4
7219,1
7220,3
7221,3
7222,1
7223,3
7224,2
7225,2
7226,4
7227,1
7228,4
7229,2
7230,2
7231,4
7232,4
7233,1
7234,4
7235,2
7236,1
7237,4
7238,3
7239,1
7240,4
7241,1
7242,2
7243,4
7244,3
7245,4
7246,3
7247,1
7248,3
7249,4
7250,1
7251,1
7252,1
7253,2
7254,4
7255,1
7256,3
7257,3
7258,4
7259,4
7260,2
7261,4
7262,3
7263,2
7264,1
7265,2
7266,2
7267,2
7268,3
7269,1
7270,1
7271,1
7272,1
7273,1
7274,4
7275,2
7276,2
7277,2
7278,3
7279,2
7280,2
7281,4
7282,1
7283,2
7284,4
7285,1
7286,2
7287,3
7288,3
7289,4
7290,2
7291,3
7292,4
7293,2
7294,2
7295,4
7296,2
7297,1
7298,3
7299,2
7300,3
7301,4
7302,1
7303,4
7304,1
7305,4
7306,1
7307,3
7308,2
7309,1
7310,2
7311,4
7312,4
7313,3
7314,3
7315,3
7316,1
7317,4
7318,1
7319,3
7320,3
7321,2
7322,1
7323,2
7324,2
7325,1
7326,4
7327,3
7328,4
7329,4
7330,4
7331,2
7332,2
7333,3
7334,2
7335,4
7336,1
7337,3
7338,1
7339,1
7340,4
7341,1
7342,3
7343,3
7344,2
7345,2
7346,2
7347,1
7348,4
7349,2
7350,3
7351,3
7352,3
7353,4
7354,1
7355,3
7356,3
7357,2
7358,2
7359,3
7360,4
7361,3
7362,2
7363,1
7364,2
7365,1
7366,4
7367,4
7368,3
7369,4
7370,1
7371,3
7372,1
7373,2
7374,4
7375,1
7376,4
7377,3
7378,2
7379,1
7380,1
7381,3
7382,4
7383,4
7384,3
7385,3
7386,3
7387,1
7388,3
7389,4
7390,2
7391,1
7392,1
7393,1
7394,4
7395,3
7396,1
7397,3
7398,4
7399,3
7400,2
7401,4
7402,4
7403,2
7404,3
7405,3
7406,4
7407,2
7408,3
7409,3
7410,4
7411,1
7412,2
7413,4
7414,3
7415,2
7416,4
7417,1
7418,4
7419,1
7420,4
7421,2
7422,2
7423,4
7424,3
7425,2
7426,3
7427,4
7428,1
7429,3
7430,2
7431,4
7432,2
7433,3
7434,1
7435,4
7436,4
7437,3
7438,4
7439,3
7440,2
7441,1
7442,4
7443,1
7444,4
7445,2
7446,3
7447,4
7448,4
7449,1
7450,4
7451,1
7452,2
7453,1
7454,3
7455,1
7456,3
7457,1
7458,1
7459,1
7460,3
7461,1
7462,3
7463,1
7464,1
7465,2
7466,4
7467,2
7468,2
7469,4
7470,3
7471,3
7472,4
7473,2
7474,1
7475,2
7476,3
7477,4
7478,4
7479,1
7480,2
7481,3
7482,4
7483,3
7484,1
7485,1
7486,1
7487,2
7488,1
7489,1
7490,3
7491,1
7492,4
7493,4
7494,3
7495,2
7496,2
7497,3
7498,1
7499,4
7500,2
7501,3
7502,2
7503,1
7504,4
7505,2
7506,2
7507,4
7508,2
7509,1
7510,2
7511,1
7512,1
7513,2
7514,4
7515,4
7516,3
7517,2
7518,4
7519,3
7520,2
7521,3
7522,4
7523,2
7524,3
7525,2
7526,4
7527,3
7528,3
7529,1
7530,4
7531,2
7532,4
7533,3
7534,1
7535,1
7536,3
7537,2
7538,4
7539,2
7540,2
7541,2
7542,4
7543,3
7544,1
7545,1
7546,2
7547,1
7548,4
7549,3
7550,2
7551,1
7552,3
7553,3
7554,2
7555,1
7556,2
7557,2
7558,1
7559,3
7560,3
7561,2
7562,3
7563,4
7564,3
7565,4
7566,2
7567,4
7568,4
7569,3
7570,4
7571,4
7572,4
7573,1
7574,3
7575,2
7576,1
7577,1
7578,3
7579,4
7580,2
7581,3
7582,4
7583,2
7584,2
7585,1
7586,1
7587,1
7588,1
7589,4
7590,2
7591,3
7592,2
7593,2
7594,2
7595,2
7596,2
7597,1
7598,2
7599,4
7600,1
7601,4
7602,4
7603,3
7604,4
7605,4
7606,2
7607,4
7608,3
7609,1
7610,1
7611,1
7612,1
7613,4
7614,3
7615,3
7616,2
7617,2
7618,1
7619,2
7620,4
7621,2
7622,1
7623,3
7624,4
7625,4
7626,1
7627,3
7628,3
7629,1
7630,2
7631,4
7632,4
7633,4
7634,3
7635,3
7636,3
7637,4
7638,1
7639,1
7640,1
7641,3
7642,3
7643,2
7644,3
7645,3
7646,1
7647,1
7648,3
7649,3
7650,3
7651,2
7652,2
7653,2
7654,3
7655,4
7656,2
7657,4
7658,4
7659,4
7660,3
7661,2
7662,1
7663,1
7664,1
7665,3
7666,4
7667,4
7668,1
7669,2
7670,3
7671,4
7672,2
7673,4
7674,2
7675,1
7676,4
7677,4
7678,1
7679,3
7680,2
7681,1
7682,3
7683,1
7684,3
7685,4
7686,4
7687,4
7688,1
7689,1
7690,4
7691,1
7692,2
7693,4
7694,3
7695,1
7696,1
7697,3
7698,4
7699,2
7700,2
7701,2
7702,3
7703,1
7704,1
7705,4
7706,1
7707,2
7708,1
7709,3
7710,2
7711,1
7712,2
7713,1
7714,4
7715,3
7716,4
7717,3
7718,1
7719,2
7720,1
7721,3
7722,3
7723,2
7724,4
7725,4
7726,2
7727,3
7728,2
7729,1
7730,4
7731,3
7732,1
7733,3
7734,1
7735,1
7736,2
7737,4
7738,4
7739,3
7740,3
7741,3
7742,4
7743,4
7744,2
7745,2
7746,2
7747,2
7748,2
7749,4
7750,2
7751,4
7752,1
7753,1
7754,1
7755,2
7756,4
7757,4
7758,2
7759,4
7760,4
7761,2
7762,1
7763,1
7764,4
7765,3
7766,3
7767,3
7768,4
7769,1
7770,2
7771,3
7772,2
7773,4
7774,3
7775,1
7776,2
7777,3
7778,1
7779,1
7780,1
7781,2
7782,1
7783,4
7784,4
7785,1
7786,4
7787,2
7788,2
7789,2
7790,3
7791,2
7792,2
7793,2
7794,4
7795,4
7796,2
7797,4
7798,1
7799,3
7800,1
7801,2
7802,2
7803,3
7804,2
7805,1
7806,1
7807,2
7808,4
7809,2
7810,3
7811,2
7812,3
7813,1
7814,3
7815,3
7816,4
7817,2
7818,1
7819,2
7820,3
7821,4
7822,1
7823,1
7824,1
7825,3
7826,4
7827,4
7828,3
7829,4
7830,4
7831,2
7832,1
7833,3
7834,2
7835,2
7836,4
7837,3
7838,2
7839,4
7840,3
7841,3
7842,4
7843,4
7844,1
7845,2
7846,2
7847,4
7848,4
7849,2
7850,4
7851,4
7852,1
7853,1
7854,2
7855,3
7856,3
7857,3
7858,2
7859,2
7860,3
7861,4
7862,3
7863,3
7864,3
7865,1
7866,1
7867,1
7868,3
7869,1
7870,1
7871,4
7872,2
7873,1
7874,1
7875,3
7876,1
7877,2
7878,2
7879,4
7880,4
7881,1
7882,4
7883,3
7884,1
7885,4
7886,2
7887,4
7888,4
7889,3
7890,4
7891,2
7892,4
7893,4
7894,1
7895,2
7896,1
7897,3
7898,1
7899,3
7900,3
7901,1
7902,2
7903,1
7904,2
7905,4
7906,2
7907,2
7908,4
7909,3
7910,3
7911,4
7912,1
7913,4
7914,1
7915,2
7916,1
7917,1
7918,1
7919,2
7920,2
7921,4
7922,4
7923,4
7924,3
7925,1
7926,1
7927,2
7928,2
7929,3
7930,1
7931,2
7932,4
7933,1
7934,1
7935,4
7936,2
7937,2
7938,4
7939,3
7940,3
7941,4
7942,4
7943,3
7944,1
7945,1
7946,2
7947,3
7948,2
7949,1
7950,3
7951,1
7952,1
7953,3
7954,2
7955,1
7956,2
7957,1
7958,4
7959,3
7960,2
7961,2
7962,1
7963,4
7964,2
7965,3
7966,1
7967,3
7968,1
7969,4
7970,2
7971,1
7972,1
7973,4
7974,1
7975,3
7976,4
7977,4
7978,1
7979,3
7980,1
7981,4
7982,2
7983,1
7984,1
7985,1
7986,1
7987,2
7988,3
7989,1
7990,1
7991,3
7992,2
7993,4
7994,2
7995,3
7996,2
7997,1
7998,1
7999,3
8000,2
8001,2
8002,2
8003,3
8004,1
8005,3
8006,1
8007,1
8008,4
8009,2
8010,3
8011,2
8012,3
8013,2
8014,2
8015,4
8016,3
8017,4
8018,3
8019,4
8020,4
8021,1
8022,3
8023,3
8024,1
8025,2
8026,2
8027,3
8028,2
8029,4
8030,3
8031,1
8032,2
8033,3
8034,1
8035,4
8036,1
8037,4
8038,2
8039,1
8040,1
8041,4
8042,2
8043,1
8044,3
8045,1
8046,2
8047,1
8048,1
8049,4
8050,3
8051,1
8052,3
8053,3
8054,2
8055,3
8056,3
8057,2
8058,1
8059,3
8060,4
8061,4
8062,3
8063,3
8064,1
8065,2
8066,3
8067,1
8068,2
8069,3
8070,3
8071,4
8072,3
8073,4
8074,4
8075,2
8076,2
8077,2
8078,4
8079,2
8080,4
8081,4
8082,4
8083,1
8084,1
8085,3
8086,1
8087,4
8088,4
8089,4
8090,1
8091,4
8092,4
8093,1
8094,2
8095,1
8096,2
8097,2
8098,3
8099,3
8100,2
8101,4
8102,1
8103,2
8104,1
8105,1
8106,2
8107,3
8108,4
8109,4
8110,3
8111,4
8112,3
8113,3
8114,1
8115,1
8116,3
8117,1
8118,3
8119,4
8120,2
8121,2
8122,1
8123,4
8124,3
8125,1
8126,4
8127,2
8128,2
8129,1
8130,4
8131,3
8132,3
8133,3
8134,4
8135,3
8136,2
8137,1
8138,1
8139,2
8140,1
8141,3
8142,3
8143,3
8144,3
8145,3
8146,3
8147,3
8148,4
8149,3
8150,2
8151,1
8152,1
8153,4
8154,3
8155,1
8156,3
8157,4
8158,1
8159,2
8160,3
8161,4
8162,1
8163,4
8164,1
8165,3
8166,2
8167,3
8168,2
8169,4
8170,3
8171,2
8172,2
8173,3
8174,2
8175,1
8176,3
8177,1
8178,1
8179,3
8180,3
8181,3
8182,2
8183,3
8184,2
8185,2
8186,4
8187,3
8188,3
8189,3
8190,3
8191,2
8192,4
8193,2
8194,3
8195,1
8196,2
8197,4
8198,4
8199,4
8200,2
8201,4
8202,2
8203,2
8204,1
8205,4
8206,2
8207,2
8208,3
8209,2
8210,3
8211,1
8212,1
8213,4
8214,4
8215,3
8216,3
8217,1
8218,4
8219,1
8220,1
8221,4
8222,3
8223,1
8224,2
8225,3
8226,2
8227,1
8228,2
8229,2
8230,3
8231,2
8232,1
8233,4
8234,3
8235,3
8236,3
8237,1
8238,1
8239,1
8240,3
8241,1
8242,2
8243,4
8244,2
8245,2
8246,1
8247,1
8248,3
8249,4
8250,3
8251,1
8252,4
8253,3
8254,1
8255,4
8256,3
8257,4
8258,2
8259,1
8260,1
8261,1
8262,2
8263,2
8264,1
8265,4
8266,4
8267,1
8268,3
8269,2
8270,1
8271,3
8272,1
8273,1
8274,3
8275,1
8276,4
8277,4
8278,2
8279,1
8280,3
8281,2
8282,4
8283,4
8284,4
8285,4
8286,4
8287,4
8288,2
8289,4
8290,2
8291,2
8292,1
8293,4
8294,1
8295,3
8296,3
8297,4
8298,3
8299,4
8300,4
8301,2
8302,1
8303,1
8304,2
8305,4
8306,3
8307,3
8308,3
8309,4
8310,3
8311,3
8312,4
8313,4
8314,4
8315,3
8316,3
8317,4
8318,2
8319,2
8320,1
8321,3
8322,2
8323,4
8324,1
8325,4
8326,1
8327,1
8328,3
8329,2
8330,2
8331,3
8332,2
8333,1
8334,2
8335,4
8336,3
8337,1
8338,4
8339,2
8340,2
8341,2
8342,4
8343,1
8344,1
8345,4
8346,2
8347,4
8348,1
8349,4
8350,1
8351,4
8352,1
8353,4
8354,3
8355,4
8356,2
8357,3
8358,4
8359,4
8360,3
8361,1
8362,3
8363,4
8364,2
8365,4
8366,4
8367,4
8368,1
8369,4
8370,2
8371,3
8372,3
8373,3
8374,3
8375,4
8376,4
8377,2
8378,1
8379,2
8380,4
8381,2
8382,1
8383,4
8384,3
8385,2
8386,3
8387,1
8388,3
8389,3
8390,2
8391,3
8392,1
8393,2
8394,3
8395,1
8396,2
8397,4
8398,3
8399,4
8400,2
8401,4
8402,2
8403,1
8404,4
8405,2
8406,1
8407,1
8408,4
8409,2
8410,4
8411,2
8412,1
8413,1
8414,3
8415,4
8416,3
8417,4
8418,4
8419,2
8420,3
8421,2
8422,4
8423,1
8424,1
8425,3
8426,4
8427,2
8428,2
8429,3
8430,1
8431,4
8432,3
8433,4
8434,4
8435,2
8436,3
8437,4
8438,3
8439,3
8440,2
8441,2
8442,3
8443,4
8444,3
8445,4
8446,1
8447,4
8448,4
8449,3
8450,1
8451,2
8452,1
8453,2
8454,3
8455,4
8456,2
8457,3
8458,2
8459,3
8460,3
8461,1
8462,1
8463,2
8464,3
8465,1
8466,4
8467,2
8468,1
8469,1
8470,2
8471,3
8472,3
8473,1
8474,2
8475,4
8476,2
8477,1
8478,4
8479,4
8480,1
8481,3
8482,4
8483,2
8484,1
8485,3
8486,1
8487,3
8488,3
8489,4
8490,4
8491,1
8492,2
8493,1
8494,1
8495,4
8496,3
8497,2
8498,3
8499,4
8500,3
8501,1
8502,1
8503,1
8504,2
8505,1
8506,2
8507,4
8508,4
8509,1
8510,2
8511,3
8512,2
8513,2
8514,3
8515,1
8516,3
8517,2
8518,3
8519,1
8520,2
8521,3
8522,4
8523,4
8524,2
8525,2
8526,3
8527,2
8528,1
8529,4
8530,1
8531,3
8532,2
8533,2
8534,1
8535,4
8536,3
8537,2
8538,2
8539,4
8540,3
8541,3
8542,2
8543,2
8544,4
8545,2
8546,4
8547,3
8548,4
8549,4
8550,4
8551,1
8552,4
8553,1
8554,3
8555,1
8556,3
8557,4
8558,1
8559,2
8560,1
8561,2
8562,2
8563,1
8564,4
8565,1
8566,4
8567,4
8568,2
8569,3
8570,1
8571,1
8572,4
8573,2
8574,3
8575,1
8576,1
8577,3
8578,4
8579,3
8580,3
8581,4
8582,4
8583,4
8584,4
8585,2
8586,3
8587,2
8588,2
8589,3
8590,4
8591,2
8592,2
8593,3
8594,4
8595,2
8596,2
8597,4
8598,4
8599,4
8600,3
8601,3
8602,3
8603,3
8604,1
8605,4
8606,3
8607,2
8608,3
8609,1
8610,1
8611,2
8612,3
8613,4
8614,2
8615,2
8616,3
8617,1
8618,4
8619,3
8620,4
8621,1
8622,3
8623,2
8624,2
8625,3
8626,3
8627,4
8628,2
8629,4
8630,4
8631,4
8632,2
8633,3
8634,2
8635,3
8636,4
8637,1
8638,1
8639,1
8640,3
8641,3
8642,2
8643,3
8644,4
8645,2
8646,4
8647,3
8648,1
8649,3
8650,1
8651,2
8652,4
8653,3
8654,4
8655,3
8656,1
8657,2
8658,3
8659,2
8660,4
8661,1
8662,3
8663,2
8664,1
8665,2
8666,1
8667,1
8668,1
8669,3
8670,2
8671,1
8672,2
8673,1
8674,2
8675,1
8676,4
8677,1
8678,2
8679,4
8680,4
8681,1
8682,2
8683,2
8684,1
8685,4
8686,3
8687,1
8688,4
8689,4
8690,4
8691,1
8692,1
8693,1
8694,4
8695,1
8696,4
8697,2
8698,3
8699,3
8700,3
8701,1
8702,4
8703,4
8704,4
8705,4
8706,3
8707,4
8708,1
8709,3
8710,4
8711,3
8712,1
8713,4
8714,2
8715,2
8716,4
8717,4
8718,3
8719,3
8720,1
8721,1
8722,3
8723,2
8724,2
8725,3
8726,1
8727,2
8728,4
8729,4
8730,3
8731,2
8732,1
8733,2
8734,2
8735,4
8736,3
8737,2
8738,2
8739,1
8740,4
8741,3
8742,1
8743,3
8744,3
8745,4
8746,1
8747,1
8748,2
8749,4
8750,2
8751,2
8752,4
8753,3
8754,1
8755,2
8756,2
8757,1
8758,2
8759,3
8760,4
8761,4
8762,1
8763,1
8764,1
8765,1
8766,1
8767,2
8768,3
8769,2
8770,2
8771,2
8772,4
8773,4
8774,4
8775,1
8776,4
8777,2
8778,2
8779,2
8780,3
8781,3
8782,3
8783,1
8784,3
8785,1
8786,4
8787,2
8788,4
8789,3
8790,1
8791,4
8792,4
8793,3
8794,1
8795,3
8796,4
8797,4
8798,2
8799,1
8800,4
8801,1
8802,2
8803,1
8804,1
8805,4
8806,4
8807,2
8808,4
8809,2
8810,1
8811,2
8812,2
8813,2
8814,2
8815,4
8816,3
8817,3
8818,4
8819,4
8820,3
8821,1
8822,1
8823,3
8824,1
8825,3
8826,4
8827,4
8828,4
8829,4
8830,2
8831,2
8832,4
8833,1
8834,4
8835,3
8836,2
8837,4
8838,2
8839,2
8840,3
8841,3
8842,4
8843,2
8844,2
8845,2
8846,1
8847,1
8848,3
8849,3
8850,3
8851,3
8852,3
8853,4
8854,3
8855,4
8856,1
8857,1
8858,2
8859,4
8860,3
8861,4
8862,3
8863,4
8864,2
8865,3
8866,4
8867,2
8868,3
8869,3
8870,3
8871,4
8872,3
8873,4
8874,1
8875,3
8876,3
8877,3
8878,4
8879,1
8880,3
8881,4
8882,1
8883,3
8884,1
8885,2
8886,2
8887,2
8888,4
8889,2
8890,2
8891,1
8892,3
8893,3
8894,2
8895,2
8896,2
8897,4
8898,1
8899,2
8900,2
8901,1
8902,2
8903,3
8904,4
8905,1
8906,3
8907,4
8908,1
8909,2
8910,1
8911,4
8912,1
8913,4
8914,1
8915,3
8916,2
8917,1
8918,4
8919,4
8920,2
8921,4
8922,4
8923,3
8924,1
8925,4
8926,3
8927,2
8928,2
8929,3
8930,2
8931,3
8932,3
8933,2
8934,1
8935,1
8936,3
8937,3
8938,1
8939,1
8940,3
8941,3
8942,3
8943,2
8944,1
8945,1
8946,2
8947,3
8948,2
8949,4
8950,2
8951,3
8952,3
8953,4
8954,3
8955,3
8956,3
8957,4
8958,1
8959,2
8960,1
8961,4
8962,2
8963,4
8964,1
8965,3
8966,2
8967,1
8968,4
8969,1
8970,3
8971,1
8972,4
8973,4
8974,1
8975,3
8976,2
8977,3
8978,1
8979,3
8980,1
8981,2
8982,2
8983,4
8984,4
8985,2
8986,2
8987,2
8988,2
8989,3
8990,1
8991,3
8992,2
8993,2
8994,3
8995,3
8996,1
8997,4
8998,2
8999,4
9000,3
9001,2
9002,4
9003,2
9004,3
9005,4
9006,4
9007,3
9008,1
9009,1
9010,2
9011,2
9012,2
9013,4
9014,1
9015,1
9016,4
9017,4
9018,2
9019,2
9020,2
9021,2
9022,2
9023,3
9024,1
9025,4
9026,1
9027,3
9028,4
9029,3
9030,4
9031,3
9032,1
9033,3
9034,1
9035,2
9036,3
9037,4
9038,1
9039,1
9040,2
9041,3
9042,2
9043,1
9044,1
9045,1
9046,4
9047,3
9048,1
9049,4
9050,3
9051,2
9052,2
9053,2
9054,3
9055,1
9056,1
9057,1
9058,2
9059,1
9060,1
9061,4
9062,1
9063,4
9064,3
9065,4
9066,1
9067,1
9068,2
9069,3
9070,3
9071,3
9072,3
9073,3
9074,2
9075,3
9076,2
9077,4
9078,2
9079,3
9080,2
9081,1
9082,1
9083,3
9084,2
9085,1
9086,4
9087,2
9088,3
9089,3
9090,3
9091,2
9092,4
9093,4
9094,3
9095,3
9096,2
9097,3
9098,3
9099,2
9100,2
9101,2
9102,1
9103,1
9104,3
9105,1
9106,1
9107,2
9108,4
9109,4
9110,3
9111,3
9112,1
9113,3
9114,1
9115,3
9116,4
9117,2
9118,4
9119,2
9120,1
9121,4
9122,1
9123,3
9124,3
9125,4
9126,2
9127,3
9128,1
9129,1
9130,1
9131,1
9132,4
9133,3
9134,3
9135,4
9136,4
9137,1
9138,1
9139,3
9140,4
9141,3
9142,3
9143,4
9144,1
9145,4
9146,1
9147,3
9148,1
9149,3
9150,4
9151,1
9152,3
9153,4
9154,3
9155,2
9156,4
9157,3
9158,3
9159,1
9160,1
9161,3
9162,3
9163,4
9164,2
9165,1
9166,1
9167,4
9168,3
9169,3
9170,3
9171,3
9172,3
9173,2
9174,3
9175,3
9176,4
9177,4
9178,4
9179,3
9180,1
9181,3
9182,4
9183,3
9184,2
9185,2
9186,3
9187,4
9188,1
9189,2
9190,1
9191,3
9192,3
9193,1
9194,1
9195,2
9196,4
9197,1
9198,2
9199,2
9200,4
9201,3
9202,3
9203,2
9204,2
9205,3
9206,1
9207,1
9208,2
9209,3
9210,3
9211,3
9212,1
9213,1
9214,1
9215,3
9216,4
9217,3
9218,4
9219,2
9220,2
9221,2
9222,4
9223,3
9224,3
9225,4
9226,3
9227,3
9228,3
9229,1
9230,4
9231,2
9232,2
9233,2
9234,4
9235,3
9236,3
9237,4
9238,1
9239,1
9240,3
9241,2
9242,1
9243,4
9244,1
9245,4
9246,4
9247,3
9248,1
9249,2
9250,3
9251,3
9252,1
9253,4
9254,2
9255,4
9256,2
9257,1
9258,1
9259,1
9260,3
9261,3
9262,1
9263,1
9264,3
9265,1
9266,4
9267,1
9268,2
9269,2
9270,1
9271,4
9272,4
9273,2
9274,3
9275,1
9276,1
9277,1
9278,2
9279,2
9280,4
9281,4
9282,1
9283,3
9284,1
9285,1
9286,4
9287,2
9288,1
9289,1
9290,4
9291,3
9292,2
9293,4
9294,2
9295,3
9296,4
9297,4
9298,4
9299,3
9300,2
9301,3
9302,1
9303,1
9304,2
9305,2
9306,1
9307,1
9308,3
9309,2
9310,3
9311,1
9312,3
9313,1
9314,3
9315,4
9316,4
9317,4
9318,1
9319,2
9320,3
9321,3
9322,2
9323,3
9324,2
9325,3
9326,1
9327,1
9328,2
9329,4
9330,1
9331,3
9332,3
9333,3
9334,2
9335,3
9336,4
9337,2
9338,1
9339,3
9340,3
9341,3
9342,4
9343,2
9344,2
9345,4
9346,1
9347,1
9348,1
9349,4
9350,4
9351,2
9352,3
9353,2
9354,3
9355,1
9356,3
9357,1
9358,3
9359,3
9360,4
9361,4
9362,2
9363,2
9364,4
9365,3
9366,3
9367,3
9368,3
9369,3
9370,3
9371,1
9372,2
9373,2
9374,1
9375,3
9376,3
9377,3
9378,1
9379,3
9380,4
9381,4
9382,4
9383,4
9384,1
9385,3
9386,3
9387,3
9388,3
9389,3
9390,3
9391,4
9392,3
9393,2
9394,3
9395,2
9396,1
9397,1
9398,1
9399,3
9400,2
9401,4
9402,2
9403,4
9404,4
9405,3
9406,2
9407,2
9408,3
9409,1
9410,2
9411,3
9412,3
9413,1
9414,3
9415,4
9416,3
9417,4
9418,4
9419,2
9420,3
9421,3
9422,2
9423,3
9424,3
9425,3
9426,1
9427,3
9428,2
9429,1
9430,1
9431,4
9432,3
9433,3
9434,2
9435,2
9436,2
9437,1
9438,2
9439,3
9440,4
9441,3
9442,4
9443,4
9444,2
9445,3
9446,1
9447,3
9448,3
9449,3
9450,1
9451,2
9452,1
9453,4
9454,1
9455,3
9456,4
9457,2
9458,2
9459,4
9460,2
9461,1
9462,4
9463,3
9464,2
9465,3
9466,3
9467,3
9468,4
9469,3
9470,4
9471,3
9472,4
9473,4
9474,4
9475,2
9476,3
9477,4
9478,3
9479,1
9480,2
9481,3
9482,4
9483,2
9484,3
9485,2
9486,3
9487,2
9488,2
9489,4
9490,1
9491,1
9492,3
9493,2
9494,1
9495,3
9496,3
9497,3
9498,1
9499,3
9500,3
9501,4
9502,1
9503,3
9504,4
9505,2
9506,1
9507,1
9508,4
9509,2
9510,3
9511,3
9512,1
9513,4
9514,3
9515,2
9516,4
9517,2
9518,1
9519,4
9520,3
9521,3
9522,2
9523,2
9524,1
9525,2
9526,3
9527,4
9528,3
9529,2
9530,1
9531,4
9532,3
9533,3
9534,2
9535,4
9536,3
9537,1
9538,3
9539,1
9540,3
9541,4
9542,4
9543,4
9544,2
9545,1
9546,4
9547,4
9548,2
9549,3
9550,1
9551,2
9552,1
9553,2
9554,2
9555,1
9556,2
9557,4
9558,1
9559,3
9560,3
9561,3
9562,3
9563,4
9564,1
9565,1
9566,1
9567,4
9568,3
9569,4
9570,2
9571,1
9572,2
9573,4
9574,3
9575,3
9576,2
9577,4
9578,3
9579,3
9580,3
9581,2
9582,1
9583,4
9584,1
9585,1
9586,4
9587,2
9588,4
9589,4
9590,1
9591,4
9592,4
9593,4
9594,1
9595,2
9596,3
9597,2
9598,3
9599,1
9600,2
9601,1
9602,2
9603,4
9604,4
9605,1
9606,2
9607,2
9608,1
9609,1
9610,2
9611,3
9612,1
9613,3
9614,2
9615,4
9616,3
9617,2
9618,2
9619,2
9620,2
9621,2
9622,3
9623,3
9624,4
9625,1
9626,3
9627,1
9628,1
9629,2
9630,1
9631,2
9632,1
9633,3
9634,1
9635,3
9636,3
9637,4
9638,4
9639,1
9640,2
9641,2
9642,4
9643,3
9644,3
9645,2
9646,1
9647,2
9648,4
9649,2
9650,4
9651,2
9652,2
9653,4
9654,2
9655,1
9656,1
9657,4
9658,3
9659,4
9660,2
9661,4
9662,3
9663,2
9664,4
9665,4
9666,3
9667,1
9668,4
9669,3
9670,1
9671,3
9672,1
9673,1
9674,3
9675,4
9676,1
9677,1
9678,4
9679,4
9680,2
9681,1
9682,2
9683,2
9684,2
9685,2
9686,4
9687,4
9688,2
9689,2
9690,2
9691,2
9692,4
9693,2
9694,3
9695,4
9696,3
9697,3
9698,2
9699,4
9700,2
9701,2
9702,4
9703,4
9704,4
9705,4
9706,3
9707,4
9708,1
9709,1
9710,2
9711,2
9712,2
9713,1
9714,1
9715,2
9716,2
9717,2
9718,3
9719,4
9720,1
9721,2
9722,3
9723,1
9724,1
9725,1
9726,3
9727,1
9728,1
9729,1
9730,3
9731,4
9732,3
9733,3
9734,1
9735,2
9736,4
9737,3
9738,1
9739,1
9740,4
9741,4
9742,3
9743,3
9744,3
9745,4
9746,4
9747,1
9748,1
9749,4
9750,1
9751,2
9752,1
9753,3
9754,1
9755,1
9756,4
9757,3
9758,4
9759,4
9760,2
9761,3
9762,4
9763,4
9764,3
9765,1
9766,4
9767,4
9768,3
9769,4
9770,2
9771,2
9772,4
9773,3
9774,3
9775,4
9776,1
9777,4
9778,2
9779,3
9780,2
9781,3
9782,1
9783,1
9784,1
9785,2
9786,3
9787,3
9788,4
9789,4
9790,3
9791,1
9792,2
9793,1
9794,2
9795,2
9796,3
9797,3
9798,3
9799,4
9800,4
9801,4
9802,2
9803,1
9804,1
9805,2
9806,3
9807,4
9808,2
9809,3
9810,4
9811,1
9812,3
9813,4
9814,2
9815,1
9816,1
9817,4
9818,1
9819,3
9820,1
9821,2
9822,2
9823,3
9824,2
9825,1
9826,1
9827,1
9828,2
9829,3
9830,1
9831,3
9832,2
9833,3
9834,4
9835,1
9836,4
9837,2
9838,2
9839,3
9840,4
9841,4
9842,4
9843,1
9844,4
9845,2
9846,4
9847,1
9848,3
9849,3
9850,1
9851,2
9852,1
9853,2
9854,4
9855,4
9856,3
9857,1
9858,4
9859,3
9860,4
9861,2
9862,4
9863,4
9864,3
9865,3
9866,3
9867,3
9868,2
9869,3
9870,1
9871,2
9872,1
9873,2
9874,1
9875,3
9876,2
9877,4
9878,4
9879,3
9880,4
9881,2
9882,4
9883,3
9884,1
9885,4
9886,3
9887,4
9888,3
9889,3
9890,2
9891,2
9892,2
9893,3
9894,1
9895,2
9896,1
9897,1
9898,1
9899,1
9900,4
9901,1
9902,3
9903,3
9904,3
9905,1
9906,2
9907,3
9908,3
9909,1
9910,2
9911,1
9912,3
9913,3
9914,2
9915,3
9916,3
9917,3
9918,4
9919,2
9920,2
9921,4
9922,3
9923,4
9924,4
9925,4
9926,1
9927,3
9928,2
9929,4
9930,2
9931,2
9932,1
9933,4
9934,3
9935,1
9936,2
9937,4
9938,1
9939,4
9940,4
9941,2
9942,4
9943,4
9944,3
9945,1
9946,3
9947,3
9948,4
9949,4
9950,1
9951,3
9952,2
9953,4
9954,2
9955,1
9956,4
9957,3
9958,3
9959,3
9960,3
9961,4
9962,2
9963,4
9964,4
9965,4
9966,4
9967,1
9968,4
9969,1
9970,3
9971,4
9972,2
9973,2
9974,1
9975,1
9976,3
9977,2
9978,2
9979,2
9980,2
9981,4
9982,2
9983,3
9984,3
9985,4
9986,1
9987,3
9988,3
9989,1
9990,2
9991,1
9992,4
9993,2
9994,4
9995,2
9996,1
9997,2
9998,4
9999,4
